New test. SF: 8, CR: 1, Tx Power: 1, Toa: 708 

Rx7,OnRxDone,-69,12,255,0,0
223 208 219 81 62 54 124 179 143 246 251 43 63 118 246 221
221 246 208 15 250 45 61 252 145 239 247 118 31 237 251 188
195 135 120 240 155 60 240 29 217 193 223 218 241 197 155 62
210 183 26 188 227 224 225 35 111 216 218 120 151 15 244 158
71 127 167 225 199 253 230 222 234 1 31 248 219 59 248 33
223 234 1 111 120 228 239 238 208 193 209 59 62 206 111 236
142 199 126 224 111 237 97 191 171 15 252 219 235 28 252 136
55 236 140 191 217 195 190 203 135 249 94 111 246 216 183 29
122 203 232 224 219 245 30 112 227 253 30 122 240 251 122 208
7 44 190 85 249 1 71 239 184 239 67 252 238 202 135 22
119 30 240 157 222 233 3 28 60 252 219 248 16 31 241 187
123 208 193 199 252 238 56 118 252 219 251 72 143 255 46 30
248 81 223 111 252 205 30 121 231 157 110 59 184 252 136 27
119 28 189 245 102 15 204 93 71 127 103 143 254 168 183 220
115 199 135 188 243 125 124 156 15 250 62 195 91 89 88 222
26 254 246 30 249 33 123 217 125 111 

0

Rx8,OnRxDone,-69,13,255,1,1
151 141 62 226 155 117 14 29 188 239 216 226 206 209 223 221
99 223 244 136 123 15 250 46 27 71 222 118 252 45 7 115
195 193 197 114 249 253 122 225 163 190 79 239 232 241 59 6
31 240 134 189 219 134 31 247 190 119 58 112 235 216 71 188
237 189 30 242 13 248 64 247 222 226 240 240 1 191 181 226
195 15 127 119 217 195 115 71 103 116 244 182 222 240 222 222
99 223 84 220 40 23 111 185 231 129 111 187 229 232 222 135
248 125 189 221 241 143 249 240 223 214 120 54 186 119 203 198
193 143 248 61 61 230 199 251 22 131 111 117 219 35 63 226
125 111 52 122 240 198 13 15 255 152 223 202 99 62 110 246
6 135 222 244 128 227 223 216 131 247 178 247 123 196 94 241
200 155 30 253 155 58 118 239 232 240 59 123 236 222 227 191
203 123 125 140 157 239 238 145 31 248 14 198 223 173 243 110
135 62 246 59 29 187 51 28 134 111 247 224 239 246 144 183
220 113 252 251 60 232 3 150 223 238 17 119 222 231 33 239
185 227 163 252 189 251 112 203 247 220 

0

Rx9,OnRxDone,-70,12,255,2,2
247 145 127 99 71 110 189 223 99 127 87 31 240 129 223 199
227 30 75 113 244 29 30 247 33 111 184 237 158 67 223 230
97 63 194 119 249 198 62 206 199 254 214 14 124 236 91 222
224 17 135 139 69 222 102 124 240 200 119 250 72 223 44 219
122 204 183 251 246 126 3 254 32 253 241 254 219 236 59 249
3 242 219 251 238 30 241 163 253 30 222 237 67 190 233 155
26 253 145 124 135 227 191 157 7 252 0 223 238 205 70 143
63 252 77 194 199 62 246 119 238 17 31 242 174 187 142 127
236 111 234 192 7 239 189 81 249 99 252 222 238 8 63 214
59 222 229 177 195 247 123 208 189 222 145 239 209 121 196 239
237 35 126 151 135 189 235 232 247 10 143 229 142 239 239 67
60 240 190 15 244 59 27 190 237 166 71 221 216 120 212 91
178 114 56 186 177 183 243 54 31 237 219 141 191 211 135 59
250 109 125 152 247 124 99 131 143 188 117 104 249 166 155 142
188 233 145 239 187 233 17 223 163 19 126 164 119 189 211 209
15 252 110 135 191 91 175 188 113 228 

0

Rx10,OnRxDone,-69,13,255,3,3
77 111 119 52 131 229 226 251 61 244 91 13 30 251 94 143
249 184 223 206 209 143 120 224 183 245 224 143 248 54 247 60
248 77 119 28 252 81 126 43 189 3 111 248 40 223 225 131
124 143 27 62 226 143 241 119 239 65 239 233 60 232 187 245
222 235 248 7 221 186 231 248 131 239 185 101 227 129 123 111
53 120 240 109 131 27 195 111 243 1 222 49 254 253 125 248
111 245 54 31 224 125 111 119 199 71 248 94 143 255 237 237
61 252 93 15 253 6 119 61 252 219 148 15 46 151 111 251
214 62 218 193 55 120 228 251 248 120 127 255 142 125 179 199
124 191 199 188 225 35 126 167 111 228 131 60 60 235 188 197
193 199 222 246 81 150 191 173 99 15 126 179 114 248 200 239
113 248 45 89 248 145 126 91 239 245 192 197 247 25 125 216
71 255 78 6 31 245 145 191 181 225 187 122 143 201 240 222
61 31 226 55 214 57 254 1 191 189 131 191 175 143 247 161
191 161 15 117 235 219 227 131 124 159 7 124 135 241 209 119
123 96 70 223 229 190 199 30 204 178 

0

Rx11,OnRxDone,-65,12,255,4,4
55 203 30 245 99 252 109 59 248 195 125 187 247 27 62 242
208 55 123 167 143 242 59 250 48 71 71 191 187 143 244 173
222 239 1 135 223 42 251 96 223 231 166 7 46 191 197 222
59 125 148 199 222 49 122 228 198 251 125 160 111 116 236 183
55 120 199 7 152 29 217 187 99 175 204 129 199 190 19 143
221 121 187 251 142 190 97 244 208 241 91 222 227 195 189 227
157 30 251 190 172 188 115 236 161 217 251 149 119 122 12 127
148 239 246 253 29 63 124 219 129 223 219 131 111 13 30 122
223 35 222 246 189 125 232 239 240 70 199 63 236 91 221 244
144 227 15 255 205 61 228 119 246 94 31 224 199 249 221 141
190 221 67 114 199 35 127 115 135 238 29 218 59 58 123 155
67 59 59 163 31 239 27 189 211 206 7 122 219 6 183 28
249 160 223 87 246 209 126 99 143 121 211 219 60 254 163 126
123 199 190 221 240 67 191 69 153 236 129 239 186 227 129 31
241 219 187 239 174 71 30 206 222 238 190 195 59 123 143 92
126 147 3 31 241 219 251 16 223 239 

0

Rx12,OnRxDone,-61,13,255,5,5
173 30 241 65 223 234 125 62 208 187 222 233 205 62 234 123
222 232 241 111 202 246 142 44 222 49 122 232 59 189 219 135
120 236 77 199 191 215 195 126 103 163 7 30 126 195 222 195
190 221 129 239 247 168 7 191 205 177 91 143 56 248 237 221
244 232 15 250 189 221 114 232 104 185 120 244 187 109 61 32
111 119 100 248 118 197 206 199 251 38 111 240 225 118 222 104
231 135 240 155 122 191 157 15 244 155 42 30 252 97 126 91
189 199 221 186 225 17 15 31 252 237 123 200 15 245 157 182
30 248 205 182 30 254 251 123 208 55 59 252 13 198 31 254
205 54 178 15 242 91 123 163 199 253 72 223 237 173 142 253
136 191 169 55 11 63 194 55 184 171 252 1 222 213 235 29
218 233 221 114 219 129 15 255 110 111 245 184 15 252 253 28
251 176 189 206 214 177 223 93 248 224 247 189 205 71 252 205
117 30 51 123 163 143 252 251 26 190 227 209 223 234 174 236
208 112 99 244 150 199 127 175 155 142 223 120 216 99 223 226
29 62 214 157 183 186 235 3 28 253 

0

Rx13,OnRxDone,-66,14,255,6,6
166 14 253 112 7 223 228 205 142 126 204 251 222 231 225 59
111 119 104 246 176 55 28 248 46 71 222 116 232 232 61 15
152 125 127 31 37 55 29 248 126 15 248 102 131 31 242 55
246 253 125 232 111 246 110 183 237 124 176 183 189 197 7 120
228 219 28 252 109 125 180 111 118 223 206 209 55 61 236 222
183 247 224 135 222 118 240 35 191 193 251 132 31 232 29 223
217 35 126 140 111 117 215 199 122 195 91 237 125 168 223 217
109 199 111 189 207 71 218 235 61 224 55 55 200 109 15 91
124 183 135 125 228 111 224 240 199 191 233 219 218 250 48 31
252 155 122 248 251 246 222 234 225 223 232 129 127 239 62 224
227 191 179 135 62 176 247 54 199 118 30 252 134 241 247 224
17 63 202 119 120 196 55 41 110 29 185 243 49 126 95 143
152 189 93 200 131 110 221 117 100 184 193 67 191 195 225 239
247 168 59 247 100 197 222 209 27 97 249 77 62 192 7 126
167 183 57 126 235 3 252 182 238 56 242 161 223 236 208 143
240 109 30 249 123 123 228 55 123 155 

0

Rx14,OnRxDone,-67,14,61,7,7
143 245 192 111 238 177 143 252 198 30 120 188 252 30 195 91
111 243 200 31 229 119 181 177 245 208 239 181 241 209 191 215
55 242 248 15 253 78 239 241 216 119 60 248 183 246 208 227
229 3 223 103 231 129 123 111 

0

Rx15,OnRxDone,j: 1, k: 0, l: 0 
New test. SF: 10, CR: 1, Tx Power: 1, Toa: 617 
Rx LORA Test
Start data log: 0D 0A
0

Rx16,OnRxDone,-68,8,50,0,0
x_vals =
223 208 219 81 62 54 124 179 143 246 251 43 63 118 246 221
221 246 208 15 250 45 61 252 145 239 247 118 31 237 251 188
195 135 120 240 155 60 240 29 217 193 223 218 241 

0

Rx17,OnRxDone,-65,9,50,1,1
197 155 62 210 183 26 188 227 224 225 35 111 216 218 120 151
15 244 158 71 127 167 225 199 253 230 222 234 1 31 248 219
59 248 33 223 234 1 111 120 228 239 238 208 193 

0

Rx18,OnRxDone,-65,9,50,2,2
209 59 62 206 111 236 142 199 126 224 111 237 97 191 171 15
252 219 235 28 252 136 55 236 140 191 217 195 190 203 135 249
94 111 246 216 183 29 122 203 232 224 219 245 30 

0

Rx19,OnRxDone,-67,9,50,3,3
112 227 253 30 122 240 251 122 208 7 44 190 85 249 1 71
239 184 239 67 252 238 202 135 22 119 30 240 157 222 233 3
28 60 252 219 248 16 31 241 187 123 208 193 199 

0

Rx20,OnRxDone,-70,8,50,4,4
252 238 56 118 252 219 251 72 143 255 46 30 248 81 223 111
252 205 30 121 231 157 110 59 184 252 136 27 119 28 189 245
102 15 204 93 71 127 103 143 254 168 183 220 115 

0

Rx21,OnRxDone,-67,8,50,5,5
199 135 188 243 125 124 156 15 250 62 195 91 89 88 222 26
254 246 30 249 33 123 217 125 111 151 141 62 226 155 117 14
29 188 239 216 226 206 209 223 221 99 223 244 136 

0

Rx22,OnRxDone,-66,8,50,6,6
123 15 250 46 27 71 222 118 252 45 7 115 195 193 197 114
249 253 122 225 163 190 79 239 232 241 59 6 31 240 134 189
219 134 31 247 190 119 58 112 235 216 71 188 237 

0

Rx23,OnRxDone,-67,9,50,7,7
189 30 242 13 248 64 247 222 226 240 240 1 191 181 226 195
15 127 119 217 195 115 71 103 116 244 182 222 240 222 222 99
223 84 220 40 23 111 185 231 129 111 187 229 232 

0

Rx24,OnRxDone,-65,10,50,8,8
222 135 248 125 189 221 241 143 249 240 223 214 120 54 186 119
203 198 193 143 248 61 61 230 199 251 22 131 111 117 219 35
63 226 125 111 52 122 240 198 13 15 255 152 223 

0

Rx25,OnRxDone,-67,8,50,9,9
202 99 62 110 246 6 135 222 244 128 227 223 216 131 247 178
247 123 196 94 241 200 155 30 253 155 58 118 239 232 240 59
123 236 222 227 191 203 123 125 140 157 239 238 145 

0

Rx26,OnRxTimeout,NA,NA,NA,NA,NA
8

Rx27,OnRxTimeout,NA,NA,NA,NA,NA
15

Rx28,OnRxTimeout,NA,NA,NA,NA,NA
21

Rx29,OnRxTimeout,NA,NA,NA,NA,NA
26

New test. SF: 7, CR: 1, Tx Power: 1, Toa: 400 
Rx LORA Test
Start data log: 0D 0A
3s250:IRQ_CRC_ERROR
Rx0,OnRxDone,-103,-12,255,0,0
x_vals =
223 208 219 81 62 54 124 179 143 246 251 43 63 118 246 221
221 246 208 15 250 45 61 252 145 239 247 118 31 237 251 188
195 135 120 240 155 60 240 29 217 193 223 218 241 197 155 62
94 191 150 171 147 82 78 131 201 103 135 230 60 190 180 61
211 60 29 220 20 197 247 201 239 47 76 94 78 100 116 119
6 244 192 152 185 97 232 249 230 152 57 225 80 43 175 218
10 166 122 197 87 145 31 33 124 241 192 14 176 48 26 173
80 79 131 133 157 187 211 56 169 214 252 222 42 39 181 206
53 47 116 12 21 117 65 85 152 151 27 196 157 113 140 144
73 110 119 130 0 78 105 173 235 240 89 154 121 173 76 39
87 214 140 103 38 222 214 150 133 166 88 44 89 238 95 69
234 159 245 243 222 55 198 204 248 217 172 97 122 203 62 232
53 186 248 165 28 86 240 154 165 38 184 12 69 20 62 130
226 243 27 27 23 144 10 95 237 170 243 98 203 45 154 10
231 155 247 73 221 32 85 176 153 222 131 1 185 9 4 227
57 180 40 175 168 208 176 195 138 215 

50

Rx1,OnRxDone,-75,12,255,1,1
151 141 62 226 155 117 14 29 188 239 216 226 206 209 223 221
99 223 244 136 123 15 250 46 27 71 222 118 252 45 7 115
195 193 197 114 249 253 122 225 163 190 79 239 232 241 59 6
31 240 134 189 219 134 31 247 190 119 58 112 235 216 71 188
237 189 30 242 13 248 64 247 222 226 240 240 1 191 181 226
195 15 127 119 217 195 115 71 103 116 244 182 222 240 222 222
99 223 84 220 40 23 111 185 231 129 111 187 229 232 222 135
248 125 189 221 241 143 249 240 223 214 120 54 186 119 203 198
193 143 248 61 61 230 199 251 22 131 111 117 219 35 63 226
125 111 52 122 240 198 13 15 255 152 223 202 99 62 110 246
6 135 222 244 128 227 223 216 131 247 178 247 123 196 94 241
200 155 30 253 155 58 118 239 232 240 59 123 236 222 227 191
203 123 125 140 157 239 238 145 31 248 14 198 223 173 243 110
135 62 246 59 29 187 51 28 134 111 247 224 239 246 144 183
220 113 252 251 60 232 3 150 223 238 17 119 222 231 33 239
185 227 163 252 189 251 112 203 247 220 

33

Rx2,OnRxDone,-76,13,255,2,2
247 145 127 99 71 110 189 223 99 127 87 31 240 129 223 199
227 30 75 113 244 29 30 247 33 111 184 237 158 67 223 230
97 63 194 119 249 198 62 206 199 254 214 14 124 236 91 222
224 17 135 139 69 222 102 124 240 200 119 250 72 223 44 219
122 204 183 251 246 126 3 254 32 253 241 254 219 236 59 249
3 242 219 251 238 30 241 163 253 30 222 237 67 190 233 155
26 253 145 124 135 227 191 157 7 252 0 223 238 205 70 143
63 252 77 194 199 62 246 119 238 17 31 242 174 187 142 127
236 111 234 192 7 239 189 81 249 99 252 222 238 8 63 214
59 222 229 177 195 247 123 208 189 222 145 239 209 121 196 239
237 35 126 151 135 189 235 232 247 10 143 229 142 239 239 67
60 240 190 15 244 59 27 190 237 166 71 221 216 120 212 91
178 114 56 186 177 183 243 54 31 237 219 141 191 211 135 59
250 109 125 152 247 124 99 131 143 188 117 104 249 166 155 142
188 233 145 239 187 233 17 223 163 19 126 164 119 189 211 209
15 252 110 135 191 91 175 188 113 228 

25

Rx3,OnRxDone,-78,12,255,3,3
77 111 119 52 131 229 226 251 61 244 91 13 30 251 94 143
249 184 223 206 209 143 120 224 183 245 224 143 248 54 247 60
248 77 119 28 252 81 126 43 189 3 111 248 40 223 225 131
124 143 27 62 226 143 241 119 239 65 239 233 60 232 187 245
222 235 248 7 221 186 231 248 131 239 185 101 227 129 123 111
53 120 240 109 131 27 195 111 243 1 222 49 254 253 125 248
111 245 54 31 224 125 111 119 199 71 248 94 143 255 237 237
61 252 93 15 253 6 119 61 252 219 148 15 46 151 111 251
214 62 218 193 55 120 228 251 248 120 127 255 142 125 179 199
124 191 199 188 225 35 126 167 111 228 131 60 60 235 188 197
193 199 222 246 81 150 191 173 99 15 126 179 114 248 200 239
113 248 45 89 248 145 126 91 239 245 192 197 247 25 125 216
71 255 78 6 31 245 145 191 181 225 187 122 143 201 240 222
61 31 226 55 214 57 254 1 191 189 131 191 175 143 247 161
191 161 15 117 235 219 227 131 124 159 7 124 135 241 209 119
123 96 70 223 229 190 199 30 204 178 

20

Rx4,OnRxDone,-77,12,255,4,4
55 203 30 245 99 252 109 59 248 195 125 187 247 27 62 242
208 55 123 167 143 242 59 250 48 71 71 191 187 143 244 173
222 239 1 135 223 42 251 96 223 231 166 7 46 191 197 222
59 125 148 199 222 49 122 228 198 251 125 160 111 116 236 183
55 120 199 7 152 29 217 187 99 175 204 129 199 190 19 143
221 121 187 251 142 190 97 244 208 241 91 222 227 195 189 227
157 30 251 190 172 188 115 236 161 217 251 149 119 122 12 127
148 239 246 253 29 63 124 219 129 223 219 131 111 13 30 122
223 35 222 246 189 125 232 239 240 70 199 63 236 91 221 244
144 227 15 255 205 61 228 119 246 94 31 224 199 249 221 141
190 221 67 114 199 35 127 115 135 238 29 218 59 58 123 155
67 59 59 163 31 239 27 189 211 206 7 122 219 6 183 28
249 160 223 87 246 209 126 99 143 121 211 219 60 254 163 126
123 199 190 221 240 67 191 69 153 236 129 239 186 227 129 31
241 219 187 239 174 71 30 206 222 238 190 195 59 123 143 92
126 147 3 31 241 219 251 16 223 239 

16

Rx5,OnRxDone,-79,12,255,5,5
173 30 241 65 223 234 125 62 208 187 222 233 205 62 234 123
222 232 241 111 202 246 142 44 222 49 122 232 59 189 219 135
120 236 77 199 191 215 195 126 103 163 7 30 126 195 222 195
190 221 129 239 247 168 7 191 205 177 91 143 56 248 237 221
244 232 15 250 189 221 114 232 104 185 120 244 187 109 61 32
111 119 100 248 118 197 206 199 251 38 111 240 225 118 222 104
231 135 240 155 122 191 157 15 244 155 42 30 252 97 126 91
189 199 221 186 225 17 15 31 252 237 123 200 15 245 157 182
30 248 205 182 30 254 251 123 208 55 59 252 13 198 31 254
205 54 178 15 242 91 123 163 199 253 72 223 237 173 142 253
136 191 169 55 11 63 194 55 184 171 252 1 222 213 235 29
218 233 221 114 219 129 15 255 110 111 245 184 15 252 253 28
251 176 189 206 214 177 223 93 248 224 247 189 205 71 252 205
117 30 51 123 163 143 252 251 26 190 227 209 223 234 174 236
208 112 99 244 150 199 127 175 155 142 223 120 216 99 223 226
29 62 214 157 183 186 235 3 28 253 

14

Rx6,OnRxDone,-77,13,255,6,6
166 14 253 112 7 223 228 205 142 126 204 251 222 231 225 59
111 119 104 246 176 55 28 248 46 71 222 116 232 232 61 15
152 125 127 31 37 55 29 248 126 15 248 102 131 31 242 55
246 253 125 232 111 246 110 183 237 124 176 183 189 197 7 120
228 219 28 252 109 125 180 111 118 223 206 209 55 61 236 222
183 247 224 135 222 118 240 35 191 193 251 132 31 232 29 223
217 35 126 140 111 117 215 199 122 195 91 237 125 168 223 217
109 199 111 189 207 71 218 235 61 224 55 55 200 109 15 91
124 183 135 125 228 111 224 240 199 191 233 219 218 250 48 31
252 155 122 248 251 246 222 234 225 223 232 129 127 239 62 224
227 191 179 135 62 176 247 54 199 118 30 252 134 241 247 224
17 63 202 119 120 196 55 41 110 29 185 243 49 126 95 143
152 189 93 200 131 110 221 117 100 184 193 67 191 195 225 239
247 168 59 247 100 197 222 209 27 97 249 77 62 192 7 126
167 183 57 126 235 3 252 182 238 56 242 161 223 236 208 143
240 109 30 249 123 123 228 55 123 155 

12

Rx7,OnRxDone,-77,13,61,7,7
143 245 192 111 238 177 143 252 198 30 120 188 252 30 195 91
111 243 200 31 229 119 181 177 245 208 239 181 241 209 191 215
55 242 248 15 253 78 239 241 216 119 60 248 183 246 208 227
229 3 223 103 231 129 123 111 

11

Rx8,OnRxDone,j: 0, k: 0, l: 0 
New test. SF: 8, CR: 1, Tx Power: 1, Toa: 708 
Rx LORA Test
Start data log: 0D 0A
0

Rx9,OnRxDone,-76,12,255,0,0
x_vals =
223 208 219 81 62 54 124 179 143 246 251 43 63 118 246 221
221 246 208 15 250 45 61 252 145 239 247 118 31 237 251 188
195 135 120 240 155 60 240 29 217 193 223 218 241 197 155 62
210 183 26 188 227 224 225 35 111 216 218 120 151 15 244 158
71 127 167 225 199 253 230 222 234 1 31 248 219 59 248 33
223 234 1 111 120 228 239 238 208 193 209 59 62 206 111 236
142 199 126 224 111 237 97 191 171 15 252 219 235 28 252 136
55 236 140 191 217 195 190 203 135 249 94 111 246 216 183 29
122 203 232 224 219 245 30 112 227 253 30 122 240 251 122 208
7 44 190 85 249 1 71 239 184 239 67 252 238 202 135 22
119 30 240 157 222 233 3 28 60 252 219 248 16 31 241 187
123 208 193 199 252 238 56 118 252 219 251 72 143 255 46 30
248 81 223 111 252 205 30 121 231 157 110 59 184 252 136 27
119 28 189 245 102 15 204 93 71 127 103 143 254 168 183 220
115 199 135 188 243 125 124 156 15 250 62 195 91 89 88 222
26 254 246 30 249 33 123 217 125 111 

0

Rx10,OnRxDone,-77,14,255,1,1
151 141 62 226 155 117 14 29 188 239 216 226 206 209 223 221
99 223 244 136 123 15 250 46 27 71 222 118 252 45 7 115
195 193 197 114 249 253 122 225 163 190 79 239 232 241 59 6
31 240 134 189 219 134 31 247 190 119 58 112 235 216 71 188
237 189 30 242 13 248 64 247 222 226 240 240 1 191 181 226
195 15 127 119 217 195 115 71 103 116 244 182 222 240 222 222
99 223 84 220 40 23 111 185 231 129 111 187 229 232 222 135
248 125 189 221 241 143 249 240 223 214 120 54 186 119 203 198
193 143 248 61 61 230 199 251 22 131 111 117 219 35 63 226
125 111 52 122 240 198 13 15 255 152 223 202 99 62 110 246
6 135 222 244 128 227 223 216 131 247 178 247 123 196 94 241
200 155 30 253 155 58 118 239 232 240 59 123 236 222 227 191
203 123 125 140 157 239 238 145 31 248 14 198 223 173 243 110
135 62 246 59 29 187 51 28 134 111 247 224 239 246 144 183
220 113 252 251 60 232 3 150 223 238 17 119 222 231 33 239
185 227 163 252 189 251 112 203 247 220 

0

Rx11,OnRxDone,-77,14,255,2,2
247 145 127 99 71 110 189 223 99 127 87 31 240 129 223 199
227 30 75 113 244 29 30 247 33 111 184 237 158 67 223 230
97 63 194 119 249 198 62 206 199 254 214 14 124 236 91 222
224 17 135 139 69 222 102 124 240 200 119 250 72 223 44 219
122 204 183 251 246 126 3 254 32 253 241 254 219 236 59 249
3 242 219 251 238 30 241 163 253 30 222 237 67 190 233 155
26 253 145 124 135 227 191 157 7 252 0 223 238 205 70 143
63 252 77 194 199 62 246 119 238 17 31 242 174 187 142 127
236 111 234 192 7 239 189 81 249 99 252 222 238 8 63 214
59 222 229 177 195 247 123 208 189 222 145 239 209 121 196 239
237 35 126 151 135 189 235 232 247 10 143 229 142 239 239 67
60 240 190 15 244 59 27 190 237 166 71 221 216 120 212 91
178 114 56 186 177 183 243 54 31 237 219 141 191 211 135 59
250 109 125 152 247 124 99 131 143 188 117 104 249 166 155 142
188 233 145 239 187 233 17 223 163 19 126 164 119 189 211 209
15 252 110 135 191 91 175 188 113 228 

0

Rx12,OnRxDone,-71,14,255,3,3
77 111 119 52 131 229 226 251 61 244 91 13 30 251 94 143
249 184 223 206 209 143 120 224 183 245 224 143 248 54 247 60
248 77 119 28 252 81 126 43 189 3 111 248 40 223 225 131
124 143 27 62 226 143 241 119 239 65 239 233 60 232 187 245
222 235 248 7 221 186 231 248 131 239 185 101 227 129 123 111
53 120 240 109 131 27 195 111 243 1 222 49 254 253 125 248
111 245 54 31 224 125 111 119 199 71 248 94 143 255 237 237
61 252 93 15 253 6 119 61 252 219 148 15 46 151 111 251
214 62 218 193 55 120 228 251 248 120 127 255 142 125 179 199
124 191 199 188 225 35 126 167 111 228 131 60 60 235 188 197
193 199 222 246 81 150 191 173 99 15 126 179 114 248 200 239
113 248 45 89 248 145 126 91 239 245 192 197 247 25 125 216
71 255 78 6 31 245 145 191 181 225 187 122 143 201 240 222
61 31 226 55 214 57 254 1 191 189 131 191 175 143 247 161
191 161 15 117 235 219 227 131 124 159 7 124 135 241 209 119
123 96 70 223 229 190 199 30 204 178 

0

Rx13,OnRxDone,-70,12,255,4,4
55 203 30 245 99 252 109 59 248 195 125 187 247 27 62 242
208 55 123 167 143 242 59 250 48 71 71 191 187 143 244 173
222 239 1 135 223 42 251 96 223 231 166 7 46 191 197 222
59 125 148 199 222 49 122 228 198 251 125 160 111 116 236 183
55 120 199 7 152 29 217 187 99 175 204 129 199 190 19 143
221 121 187 251 142 190 97 244 208 241 91 222 227 195 189 227
157 30 251 190 172 188 115 236 161 217 251 149 119 122 12 127
148 239 246 253 29 63 124 219 129 223 219 131 111 13 30 122
223 35 222 246 189 125 232 239 240 70 199 63 236 91 221 244
144 227 15 255 205 61 228 119 246 94 31 224 199 249 221 141
190 221 67 114 199 35 127 115 135 238 29 218 59 58 123 155
67 59 59 163 31 239 27 189 211 206 7 122 219 6 183 28
249 160 223 87 246 209 126 99 143 121 211 219 60 254 163 126
123 199 190 221 240 67 191 69 153 236 129 239 186 227 129 31
241 219 187 239 174 71 30 206 222 238 190 195 59 123 143 92
126 147 3 31 241 219 251 16 223 239 

0

Rx14,OnRxDone,-70,12,255,5,5
173 30 241 65 223 234 125 62 208 187 222 233 205 62 234 123
222 232 241 111 202 246 142 44 222 49 122 232 59 189 219 135
120 236 77 199 191 215 195 126 103 163 7 30 126 195 222 195
190 221 129 239 247 168 7 191 205 177 91 143 56 248 237 221
244 232 15 250 189 221 114 232 104 185 120 244 187 109 61 32
111 119 100 248 118 197 206 199 251 38 111 240 225 118 222 104
231 135 240 155 122 191 157 15 244 155 42 30 252 97 126 91
189 199 221 186 225 17 15 31 252 237 123 200 15 245 157 182
30 248 205 182 30 254 251 123 208 55 59 252 13 198 31 254
205 54 178 15 242 91 123 163 199 253 72 223 237 173 142 253
136 191 169 55 11 63 194 55 184 171 252 1 222 213 235 29
218 233 221 114 219 129 15 255 110 111 245 184 15 252 253 28
251 176 189 206 214 177 223 93 248 224 247 189 205 71 252 205
117 30 51 123 163 143 252 251 26 190 227 209 223 234 174 236
208 112 99 244 150 199 127 175 155 142 223 120 216 99 223 226
29 62 214 157 183 186 235 3 28 253 

0

Rx15,OnRxDone,-71,14,255,6,6
166 14 253 112 7 223 228 205 142 126 204 251 222 231 225 59
111 119 104 246 176 55 28 248 46 71 222 116 232 232 61 15
152 125 127 31 37 55 29 248 126 15 248 102 131 31 242 55
246 253 125 232 111 246 110 183 237 124 176 183 189 197 7 120
228 219 28 252 109 125 180 111 118 223 206 209 55 61 236 222
183 247 224 135 222 118 240 35 191 193 251 132 31 232 29 223
217 35 126 140 111 117 215 199 122 195 91 237 125 168 223 217
109 199 111 189 207 71 218 235 61 224 55 55 200 109 15 91
124 183 135 125 228 111 224 240 199 191 233 219 218 250 48 31
252 155 122 248 251 246 222 234 225 223 232 129 127 239 62 224
227 191 179 135 62 176 247 54 199 118 30 252 134 241 247 224
17 63 202 119 120 196 55 41 110 29 185 243 49 126 95 143
152 189 93 200 131 110 221 117 100 184 193 67 191 195 225 239
247 168 59 247 100 197 222 209 27 97 249 77 62 192 7 126
167 183 57 126 235 3 252 182 238 56 242 161 223 236 208 143
240 109 30 249 123 123 228 55 123 155 

0

Rx16,OnRxDone,-67,13,61,7,7
143 245 192 111 238 177 143 252 198 30 120 188 252 30 195 91
111 243 200 31 229 119 181 177 245 208 239 181 241 209 191 215
55 242 248 15 253 78 239 241 216 119 60 248 183 246 208 227
229 3 223 103 231 129 123 111 

0

Rx17,OnRxDone,j: 1, k: 0, l: 0 
New test. SF: 10, CR: 1, Tx Power: 1, Toa: 617 
Rx LORA Test
Start data log: 0D 0A
0

Rx18,OnRxDone,-71,9,50,0,0
x_vals =
223 208 219 81 62 54 124 179 143 246 251 43 63 118 246 221
221 246 208 15 250 45 61 252 145 239 247 118 31 237 251 188
195 135 120 240 155 60 240 29 217 193 223 218 241 

0

Rx19,OnRxDone,-71,9,50,1,1
197 155 62 210 183 26 188 227 224 225 35 111 216 218 120 151
15 244 158 71 127 167 225 199 253 230 222 234 1 31 248 219
59 248 33 223 234 1 111 120 228 239 238 208 193 

0

Rx20,OnRxDone,-67,9,50,2,2
209 59 62 206 111 236 142 199 126 224 111 237 97 191 171 15
252 219 235 28 252 136 55 236 140 191 217 195 190 203 135 249
94 111 246 216 183 29 122 203 232 224 219 245 30 

0

Rx21,OnRxDone,-67,8,50,3,3
112 227 253 30 122 240 251 122 208 7 44 190 85 249 1 71
239 184 239 67 252 238 202 135 22 119 30 240 157 222 233 3
28 60 252 219 248 16 31 241 187 123 208 193 199 

0

Rx22,OnRxDone,-67,8,50,4,4
252 238 56 118 252 219 251 72 143 255 46 30 248 81 223 111
252 205 30 121 231 157 110 59 184 252 136 27 119 28 189 245
102 15 204 93 71 127 103 143 254 168 183 220 115 

0

Rx23,OnRxDone,-68,9,50,5,5
199 135 188 243 125 124 156 15 250 62 195 91 89 88 222 26
254 246 30 249 33 123 217 125 111 151 141 62 226 155 117 14
29 188 239 216 226 206 209 223 221 99 223 244 136 

0

Rx24,OnRxDone,-67,8,50,6,6
123 15 250 46 27 71 222 118 252 45 7 115 195 193 197 114
249 253 122 225 163 190 79 239 232 241 59 6 31 240 134 189
219 134 31 247 190 119 58 112 235 216 71 188 237 

0

Rx25,OnRxDone,-69,9,50,7,7
189 30 242 13 248 64 247 222 226 240 240 1 191 181 226 195
15 127 119 217 195 115 71 103 116 244 182 222 240 222 222 99
223 84 220 40 23 111 185 231 129 111 187 229 232 

0

Rx26,OnRxDone,-70,8,50,8,8
222 135 248 125 189 221 241 143 249 240 223 214 120 54 186 119
203 198 193 143 248 61 61 230 199 251 22 131 111 117 219 35
63 226 125 111 52 122 240 198 13 15 255 152 223 

0

Rx27,OnRxDone,-68,9,50,9,9
202 99 62 110 246 6 135 222 244 128 227 223 216 131 247 178
247 123 196 94 241 200 155 30 253 155 58 118 239 232 240 59
123 236 222 227 191 203 123 125 140 157 239 238 145 

0

Rx28,OnRxDone,-75,8,50,10,10
31 248 14 198 223 173 243 110 135 62 246 59 29 187 51 28
134 111 247 224 239 246 144 183 220 113 252 251 60 232 3 150
223 238 17 119 222 231 33 239 185 227 163 252 189 

0

Rx29,OnRxDone,-75,9,50,11,11
251 112 203 247 220 247 145 127 99 71 110 189 223 99 127 87
31 240 129 223 199 227 30 75 113 244 29 30 247 33 111 184
237 158 67 223 230 97 63 194 119 249 198 62 206 

0

Rx30,OnRxDone,-76,8,50,12,12
199 254 214 14 124 236 91 222 224 17 135 139 69 222 102 124
240 200 119 250 72 223 44 219 122 204 183 251 246 126 3 254
32 253 241 254 219 236 59 249 3 242 219 251 238 

0

Rx31,OnRxDone,-66,10,50,13,13
30 241 163 253 30 222 237 67 190 233 155 26 253 145 124 135
227 191 157 7 252 0 223 238 205 70 143 63 252 77 194 199
62 246 119 238 17 31 242 174 187 142 127 236 111 

0

Rx32,OnRxDone,-67,9,50,14,14
234 192 7 239 189 81 249 99 252 222 238 8 63 214 59 222
229 177 195 247 123 208 189 222 145 239 209 121 196 239 237 35
126 151 135 189 235 232 247 10 143 229 142 239 239 

0

Rx33,OnRxDone,-67,8,50,15,15
67 60 240 190 15 244 59 27 190 237 166 71 221 216 120 212
91 178 114 56 186 177 183 243 54 31 237 219 141 191 211 135
59 250 109 125 152 247 124 99 131 143 188 117 104 

0

Rx34,OnRxDone,-67,8,50,16,16
249 166 155 142 188 233 145 239 187 233 17 223 163 19 126 164
119 189 211 209 15 252 110 135 191 91 175 188 113 228 77 111
119 52 131 229 226 251 61 244 91 13 30 251 94 

0

Rx35,OnRxDone,-67,8,50,17,17
143 249 184 223 206 209 143 120 224 183 245 224 143 248 54 247
60 248 77 119 28 252 81 126 43 189 3 111 248 40 223 225
131 124 143 27 62 226 143 241 119 239 65 239 233 

0

Rx36,OnRxDone,-67,8,50,18,18
60 232 187 245 222 235 248 7 221 186 231 248 131 239 185 101
227 129 123 111 53 120 240 109 131 27 195 111 243 1 222 49
254 253 125 248 111 245 54 31 224 125 111 119 199 

0

Rx37,OnRxDone,-66,9,50,19,19
71 248 94 143 255 237 237 61 252 93 15 253 6 119 61 252
219 148 15 46 151 111 251 214 62 218 193 55 120 228 251 248
120 127 255 142 125 179 199 124 191 199 188 225 35 

0

Rx38,OnRxDone,-66,9,50,20,20
126 167 111 228 131 60 60 235 188 197 193 199 222 246 81 150
191 173 99 15 126 179 114 248 200 239 113 248 45 89 248 145
126 91 239 245 192 197 247 25 125 216 71 255 78 

0

Rx39,OnRxDone,-66,9,50,21,21
6 31 245 145 191 181 225 187 122 143 201 240 222 61 31 226
55 214 57 254 1 191 189 131 191 175 143 247 161 191 161 15
117 235 219 227 131 124 159 7 124 135 241 209 119 

0

Rx40,OnRxDone,-68,8,50,22,22
123 96 70 223 229 190 199 30 204 178 55 203 30 245 99 252
109 59 248 195 125 187 247 27 62 242 208 55 123 167 143 242
59 250 48 71 71 191 187 143 244 173 222 239 1 

0

Rx41,OnRxDone,-67,9,50,23,23
135 223 42 251 96 223 231 166 7 46 191 197 222 59 125 148
199 222 49 122 228 198 251 125 160 111 116 236 183 55 120 199
7 152 29 217 187 99 175 204 129 199 190 19 143 

0

Rx42,OnRxDone,-68,9,50,24,24
221 121 187 251 142 190 97 244 208 241 91 222 227 195 189 227
157 30 251 190 172 188 115 236 161 217 251 149 119 122 12 127
148 239 246 253 29 63 124 219 129 223 219 131 111 

0

Rx43,OnRxDone,-67,9,50,25,25
13 30 122 223 35 222 246 189 125 232 239 240 70 199 63 236
91 221 244 144 227 15 255 205 61 228 119 246 94 31 224 199
249 221 141 190 221 67 114 199 35 127 115 135 238 

0

Rx44,OnRxDone,-67,9,50,26,26
29 218 59 58 123 155 67 59 59 163 31 239 27 189 211 206
7 122 219 6 183 28 249 160 223 87 246 209 126 99 143 121
211 219 60 254 163 126 123 199 190 221 240 67 191 

0

Rx45,OnRxDone,-67,9,50,27,27
69 153 236 129 239 186 227 129 31 241 219 187 239 174 71 30
206 222 238 190 195 59 123 143 92 126 147 3 31 241 219 251
16 223 239 173 30 241 65 223 234 125 62 208 187 

0

Rx46,OnRxDone,-66,10,50,28,28
222 233 205 62 234 123 222 232 241 111 202 246 142 44 222 49
122 232 59 189 219 135 120 236 77 199 191 215 195 126 103 163
7 30 126 195 222 195 190 221 129 239 247 168 7 

0

Rx47,OnRxDone,-68,10,50,29,29
191 205 177 91 143 56 248 237 221 244 232 15 250 189 221 114
232 104 185 120 244 187 109 61 32 111 119 100 248 118 197 206
199 251 38 111 240 225 118 222 104 231 135 240 155 

0

Rx48,OnRxDone,-66,9,50,30,30
122 191 157 15 244 155 42 30 252 97 126 91 189 199 221 186
225 17 15 31 252 237 123 200 15 245 157 182 30 248 205 182
30 254 251 123 208 55 59 252 13 198 31 254 205 

0

Rx49,OnRxDone,-68,9,50,31,31
54 178 15 242 91 123 163 199 253 72 223 237 173 142 253 136
191 169 55 11 63 194 55 184 171 252 1 222 213 235 29 218
233 221 114 219 129 15 255 110 111 245 184 15 252 

0

Rx50,OnRxDone,-67,8,50,32,32
253 28 251 176 189 206 214 177 223 93 248 224 247 189 205 71
252 205 117 30 51 123 163 143 252 251 26 190 227 209 223 234
174 236 208 112 99 244 150 199 127 175 155 142 223 

0

Rx51,OnRxDone,-68,8,50,33,33
120 216 99 223 226 29 62 214 157 183 186 235 3 28 253 166
14 253 112 7 223 228 205 142 126 204 251 222 231 225 59 111
119 104 246 176 55 28 248 46 71 222 116 232 232 

0

Rx52,OnRxDone,-68,9,50,34,34
61 15 152 125 127 31 37 55 29 248 126 15 248 102 131 31
242 55 246 253 125 232 111 246 110 183 237 124 176 183 189 197
7 120 228 219 28 252 109 125 180 111 118 223 206 

0

Rx53,OnRxDone,-68,8,50,35,35
209 55 61 236 222 183 247 224 135 222 118 240 35 191 193 251
132 31 232 29 223 217 35 126 140 111 117 215 199 122 195 91
237 125 168 223 217 109 199 111 189 207 71 218 235 

0

Rx54,OnRxDone,-68,9,50,36,36
61 224 55 55 200 109 15 91 124 183 135 125 228 111 224 240
199 191 233 219 218 250 48 31 252 155 122 248 251 246 222 234
225 223 232 129 127 239 62 224 227 191 179 135 62 

0

Rx55,OnRxDone,-68,9,50,37,37
176 247 54 199 118 30 252 134 241 247 224 17 63 202 119 120
196 55 41 110 29 185 243 49 126 95 143 152 189 93 200 131
110 221 117 100 184 193 67 191 195 225 239 247 168 

0

Rx56,OnRxDone,-67,8,50,38,38
59 247 100 197 222 209 27 97 249 77 62 192 7 126 167 183
57 126 235 3 252 182 238 56 242 161 223 236 208 143 240 109
30 249 123 123 228 55 123 155 143 245 192 111 238 

0

Rx57,OnRxDone,-67,9,50,39,39
177 143 252 198 30 120 188 252 30 195 91 111 243 200 31 229
119 181 177 245 208 239 181 241 209 191 215 55 242 248 15 253
78 239 241 216 119 60 248 183 246 208 227 229 3 

0

Rx58,OnRxDone,-67,9,11,40,40
223 103 231 129 123 111 

0

Rx59,OnRxDone,j: 2, k: 0, l: 0 
New test. SF: 12, CR: 1, Tx Power: 1, Toa: 2302 
Rx LORA Test
Start data log: 0D 0A
0

Rx60,OnRxTimeout,NA,NA,NA,NA,NA
50

65s916:IRQ_CRC_ERROR
Rx61,OnRxDone,-99,-24,50,0,0
x_vals =
223 208 219 81 62 54 124 243 101 60 81 135 139 39 69 18
174 92 51 162 23 73 145 205 151 174 66 233 8 11 53 247
211 217 25 172 225 20 175 92 185 224 160 8 67 

50

Rx62,OnRxDone,-66,5,50,1,1
197 155 62 210 183 26 188 227 224 225 35 111 216 218 120 151
15 244 158 71 127 167 225 199 253 230 222 234 1 31 248 219
59 248 33 223 234 1 111 120 228 239 238 208 193 

40

Rx63,OnRxDone,-67,5,50,2,2
209 59 62 206 111 236 142 199 126 224 111 237 97 191 171 15
252 219 235 28 252 136 55 236 140 191 217 195 190 203 135 249
94 111 246 216 183 29 122 203 232 224 219 245 30 

33

Rx64,OnRxDone,-67,6,50,3,3
112 227 253 30 122 240 251 122 208 7 44 190 85 249 1 71
239 184 239 67 252 238 202 135 22 119 30 240 157 222 233 3
28 60 252 219 248 16 31 241 187 123 208 193 199 

28

Rx65,OnRxDone,-66,5,50,4,4
252 238 56 118 252 219 251 72 143 255 46 30 248 81 223 111
252 205 30 121 231 157 110 59 184 252 136 27 119 28 189 245
102 15 204 93 71 127 103 143 254 168 183 220 115 

25

Rx66,OnRxDone,-68,5,50,5,5
199 135 188 243 125 124 156 15 250 62 195 91 89 88 222 26
254 246 30 249 33 123 217 125 111 151 141 62 226 155 117 14
29 188 239 216 226 206 209 223 221 99 223 244 136 

22

Rx67,OnRxDone,-66,5,50,6,6
123 15 250 46 27 71 222 118 252 45 7 115 195 193 197 114
249 253 122 225 163 190 79 239 232 241 59 6 31 240 134 189
219 134 31 247 190 119 58 112 235 216 71 188 237 

20

Rx68,OnRxDone,-66,5,50,7,7
189 30 242 13 248 64 247 222 226 240 240 1 191 181 226 195
15 127 119 217 195 115 71 103 116 244 182 222 240 222 222 99
223 84 220 40 23 111 185 231 129 111 187 229 232 

18

Rx69,OnRxDone,-65,5,50,8,8
222 135 248 125 189 221 241 143 249 240 223 214 120 54 186 119
203 198 193 143 248 61 61 230 199 251 22 131 111 117 219 35
63 226 125 111 52 122 240 198 13 15 255 152 223 

16

Rx70,OnRxDone,-67,5,50,9,9
202 99 62 110 246 6 135 222 244 128 227 223 216 131 247 178
247 123 196 94 241 200 155 30 253 155 58 118 239 232 240 59
123 236 222 227 191 203 123 125 140 157 239 238 145 

15

Rx71,OnRxDone,-67,6,50,10,10
31 248 14 198 223 173 243 110 135 62 246 59 29 187 51 28
134 111 247 224 239 246 144 183 220 113 252 251 60 232 3 150
223 238 17 119 222 231 33 239 185 227 163 252 189 

14

Rx72,OnRxDone,-67,5,50,11,11
251 112 203 247 220 247 145 127 99 71 110 189 223 99 127 87
31 240 129 223 199 227 30 75 113 244 29 30 247 33 111 184
237 158 67 223 230 97 63 194 119 249 198 62 206 

13

Rx73,OnRxDone,-67,5,50,12,12
199 254 214 14 124 236 91 222 224 17 135 139 69 222 102 124
240 200 119 250 72 223 44 219 122 204 183 251 246 126 3 254
32 253 241 254 219 236 59 249 3 242 219 251 238 

12

Rx74,OnRxDone,-65,5,50,13,13
30 241 163 253 30 222 237 67 190 233 155 26 253 145 124 135
227 191 157 7 252 0 223 238 205 70 143 63 252 77 194 199
62 246 119 238 17 31 242 174 187 142 127 236 111 

11

Rx75,OnRxDone,-66,5,50,14,14
234 192 7 239 189 81 249 99 252 222 238 8 63 214 59 222
229 177 195 247 123 208 189 222 145 239 209 121 196 239 237 35
126 151 135 189 235 232 247 10 143 229 142 239 239 

11

Rx76,OnRxDone,-67,5,50,15,15
67 60 240 190 15 244 59 27 190 237 166 71 221 216 120 212
91 178 114 56 186 177 183 243 54 31 237 219 141 191 211 135
59 250 109 125 152 247 124 99 131 143 188 117 104 

10

Rx77,OnRxDone,-67,5,50,16,16
249 166 155 142 188 233 145 239 187 233 17 223 163 19 126 164
119 189 211 209 15 252 110 135 191 91 175 188 113 228 77 111
119 52 131 229 226 251 61 244 91 13 30 251 94 

10

Rx78,OnRxDone,-66,5,50,17,17
143 249 184 223 206 209 143 120 224 183 245 224 143 248 54 247
60 248 77 119 28 252 81 126 43 189 3 111 248 40 223 225
131 124 143 27 62 226 143 241 119 239 65 239 233 

9

Rx79,OnRxDone,-65,5,50,18,18
60 232 187 245 222 235 248 7 221 186 231 248 131 239 185 101
227 129 123 111 53 120 240 109 131 27 195 111 243 1 222 49
254 253 125 248 111 245 54 31 224 125 111 119 199 

9

Rx80,OnRxDone,-66,5,50,19,19
71 248 94 143 255 237 237 61 252 93 15 253 6 119 61 252
219 148 15 46 151 111 251 214 62 218 193 55 120 228 251 248
120 127 255 142 125 179 199 124 191 199 188 225 35 

8

Rx81,OnRxDone,-68,6,50,20,20
126 167 111 228 131 60 60 235 188 197 193 199 222 246 81 150
191 173 99 15 126 179 114 248 200 239 113 248 45 89 248 145
126 91 239 245 192 197 247 25 125 216 71 255 78 

8

Rx82,OnRxDone,-68,5,50,21,21
6 31 245 145 191 181 225 187 122 143 201 240 222 61 31 226
55 214 57 254 1 191 189 131 191 175 143 247 161 191 161 15
117 235 219 227 131 124 159 7 124 135 241 209 119 

8

Rx83,OnRxDone,-69,5,50,22,22
123 96 70 223 229 190 199 30 204 178 55 203 30 245 99 252
109 59 248 195 125 187 247 27 62 242 208 55 123 167 143 242
59 250 48 71 71 191 187 143 244 173 222 239 1 

7

Rx84,OnRxDone,-66,5,50,23,23
135 223 42 251 96 223 231 166 7 46 191 197 222 59 125 148
199 222 49 122 228 198 251 125 160 111 116 236 183 55 120 199
7 152 29 217 187 99 175 204 129 199 190 19 143 

7

Rx85,OnRxDone,-68,5,50,24,24
221 121 187 251 142 190 97 244 208 241 91 222 227 195 189 227
157 30 251 190 172 188 115 236 161 217 251 149 119 122 12 127
148 239 246 253 29 63 124 219 129 223 219 131 111 

7

Rx86,OnRxDone,-68,4,50,25,25
13 30 122 223 35 222 246 189 125 232 239 240 70 199 63 236
91 221 244 144 227 15 255 205 61 228 119 246 94 31 224 199
249 221 141 190 221 67 114 199 35 127 115 135 238 

6

Rx87,OnRxDone,-68,5,50,26,26
29 218 59 58 123 155 67 59 59 163 31 239 27 189 211 206
7 122 219 6 183 28 249 160 223 87 246 209 126 99 143 121
211 219 60 254 163 126 123 199 190 221 240 67 191 

6

Rx88,OnRxDone,-68,6,50,27,27
69 153 236 129 239 186 227 129 31 241 219 187 239 174 71 30
206 222 238 190 195 59 123 143 92 126 147 3 31 241 219 251
16 223 239 173 30 241 65 223 234 125 62 208 187 

6

Rx89,OnRxDone,-68,5,50,28,28
222 233 205 62 234 123 222 232 241 111 202 246 142 44 222 49
122 232 59 189 219 135 120 236 77 199 191 215 195 126 103 163
7 30 126 195 222 195 190 221 129 239 247 168 7 

6

Rx90,OnRxDone,-69,5,50,29,29
191 205 177 91 143 56 248 237 221 244 232 15 250 189 221 114
232 104 185 120 244 187 109 61 32 111 119 100 248 118 197 206
199 251 38 111 240 225 118 222 104 231 135 240 155 

6

Rx91,OnRxDone,-68,5,50,30,30
122 191 157 15 244 155 42 30 252 97 126 91 189 199 221 186
225 17 15 31 252 237 123 200 15 245 157 182 30 248 205 182
30 254 251 123 208 55 59 252 13 198 31 254 205 

5

Rx92,OnRxDone,-65,5,50,31,31
54 178 15 242 91 123 163 199 253 72 223 237 173 142 253 136
191 169 55 11 63 194 55 184 171 252 1 222 213 235 29 218
233 221 114 219 129 15 255 110 111 245 184 15 252 

5

Rx93,OnRxDone,-66,5,50,32,32
253 28 251 176 189 206 214 177 223 93 248 224 247 189 205 71
252 205 117 30 51 123 163 143 252 251 26 190 227 209 223 234
174 236 208 112 99 244 150 199 127 175 155 142 223 

5

Rx94,OnRxDone,-67,5,50,33,33
120 216 99 223 226 29 62 214 157 183 186 235 3 28 253 166
14 253 112 7 223 228 205 142 126 204 251 222 231 225 59 111
119 104 246 176 55 28 248 46 71 222 116 232 232 

5

Rx95,OnRxDone,-67,5,50,34,34
61 15 152 125 127 31 37 55 29 248 126 15 248 102 131 31
242 55 246 253 125 232 111 246 110 183 237 124 176 183 189 197
7 120 228 219 28 252 109 125 180 111 118 223 206 

5

Rx96,OnRxDone,-67,5,50,35,35
209 55 61 236 222 183 247 224 135 222 118 240 35 191 193 251
132 31 232 29 223 217 35 126 140 111 117 215 199 122 195 91
237 125 168 223 217 109 199 111 189 207 71 218 235 

5

Rx97,OnRxDone,-68,5,50,36,36
61 224 55 55 200 109 15 91 124 183 135 125 228 111 224 240
199 191 233 219 218 250 48 31 252 155 122 248 251 246 222 234
225 223 232 129 127 239 62 224 227 191 179 135 62 

5

Rx98,OnRxDone,-69,6,50,37,37
176 247 54 199 118 30 252 134 241 247 224 17 63 202 119 120
196 55 41 110 29 185 243 49 126 95 143 152 189 93 200 131
110 221 117 100 184 193 67 191 195 225 239 247 168 

4

Rx99,OnRxDone,-67,5,50,38,38
59 247 100 197 222 209 27 97 249 77 62 192 7 126 167 183
57 126 235 3 252 182 238 56 242 161 223 236 208 143 240 109
30 249 123 123 228 55 123 155 143 245 192 111 238 

4

Rx100,OnRxDone,-66,5,50,39,39
177 143 252 198 30 120 188 252 30 195 91 111 243 200 31 229
119 181 177 245 208 239 181 241 209 191 215 55 242 248 15 253
78 239 241 216 119 60 248 183 246 208 227 229 3 

4

Rx101,OnRxDone,-66,5,11,40,40
223 103 231 129 123 111 

4

Rx102,OnRxDone,j: 0, k: 0, l: 0 
New test. SF: 7, CR: 2, Tx Power: 1, Toa: 476 
Rx LORA Test
Start data log: 0D 0A
0

Rx103,OnRxDone,-66,13,255,0,0
x_vals =
223 208 219 81 62 54 124 179 143 246 251 43 63 118 246 221
221 246 208 15 250 45 61 252 145 239 247 118 31 237 251 188
195 135 120 240 155 60 240 29 217 193 223 218 241 197 155 62
210 183 26 188 227 224 225 35 111 216 218 120 151 15 244 158
71 127 167 225 199 253 230 222 234 1 31 248 219 59 248 33
223 234 1 111 120 228 239 238 208 193 209 59 62 206 111 236
142 199 126 224 111 237 97 191 171 15 252 219 235 28 252 136
55 236 140 191 217 195 190 203 135 249 94 111 246 216 183 29
122 203 232 224 219 245 30 112 227 253 30 122 240 251 122 208
7 44 190 85 249 1 71 239 184 239 67 252 238 202 135 22
119 30 240 157 222 233 3 28 60 252 219 248 16 31 241 187
123 208 193 199 252 238 56 118 252 219 251 72 143 255 46 30
248 81 223 111 252 205 30 121 231 157 110 59 184 252 136 27
119 28 189 245 102 15 204 93 71 127 103 143 254 168 183 220
115 199 135 188 243 125 124 156 15 250 62 195 91 89 88 222
26 254 246 30 249 33 123 217 125 111 

0

Rx104,OnRxDone,-67,13,255,1,1
151 141 62 226 155 117 14 29 188 239 216 226 206 209 223 221
99 223 244 136 123 15 250 46 27 71 222 118 252 45 7 115
195 193 197 114 249 253 122 225 163 190 79 239 232 241 59 6
31 240 134 189 219 134 31 247 190 119 58 112 235 216 71 188
237 189 30 242 13 248 64 247 222 226 240 240 1 191 181 226
195 15 127 119 217 195 115 71 103 116 244 182 222 240 222 222
99 223 84 220 40 23 111 185 231 129 111 187 229 232 222 135
248 125 189 221 241 143 249 240 223 214 120 54 186 119 203 198
193 143 248 61 61 230 199 251 22 131 111 117 219 35 63 226
125 111 52 122 240 198 13 15 255 152 223 202 99 62 110 246
6 135 222 244 128 227 223 216 131 247 178 247 123 196 94 241
200 155 30 253 155 58 118 239 232 240 59 123 236 222 227 191
203 123 125 140 157 239 238 145 31 248 14 198 223 173 243 110
135 62 246 59 29 187 51 28 134 111 247 224 239 246 144 183
220 113 252 251 60 232 3 150 223 238 17 119 222 231 33 239
185 227 163 252 189 251 112 203 247 220 

0

Rx105,OnRxDone,-66,13,255,2,2
247 145 127 99 71 110 189 223 99 127 87 31 240 129 223 199
227 30 75 113 244 29 30 247 33 111 184 237 158 67 223 230
97 63 194 119 249 198 62 206 199 254 214 14 124 236 91 222
224 17 135 139 69 222 102 124 240 200 119 250 72 223 44 219
122 204 183 251 246 126 3 254 32 253 241 254 219 236 59 249
3 242 219 251 238 30 241 163 253 30 222 237 67 190 233 155
26 253 145 124 135 227 191 157 7 252 0 223 238 205 70 143
63 252 77 194 199 62 246 119 238 17 31 242 174 187 142 127
236 111 234 192 7 239 189 81 249 99 252 222 238 8 63 214
59 222 229 177 195 247 123 208 189 222 145 239 209 121 196 239
237 35 126 151 135 189 235 232 247 10 143 229 142 239 239 67
60 240 190 15 244 59 27 190 237 166 71 221 216 120 212 91
178 114 56 186 177 183 243 54 31 237 219 141 191 211 135 59
250 109 125 152 247 124 99 131 143 188 117 104 249 166 155 142
188 233 145 239 187 233 17 223 163 19 126 164 119 189 211 209
15 252 110 135 191 91 175 188 113 228 

0

Rx106,OnRxDone,-66,12,255,3,3
77 111 119 52 131 229 226 251 61 244 91 13 30 251 94 143
249 184 223 206 209 143 120 224 183 245 224 143 248 54 247 60
248 77 119 28 252 81 126 43 189 3 111 248 40 223 225 131
124 143 27 62 226 143 241 119 239 65 239 233 60 232 187 245
222 235 248 7 221 186 231 248 131 239 185 101 227 129 123 111
53 120 240 109 131 27 195 111 243 1 222 49 254 253 125 248
111 245 54 31 224 125 111 119 199 71 248 94 143 255 237 237
61 252 93 15 253 6 119 61 252 219 148 15 46 151 111 251
214 62 218 193 55 120 228 251 248 120 127 255 142 125 179 199
124 191 199 188 225 35 126 167 111 228 131 60 60 235 188 197
193 199 222 246 81 150 191 173 99 15 126 179 114 248 200 239
113 248 45 89 248 145 126 91 239 245 192 197 247 25 125 216
71 255 78 6 31 245 145 191 181 225 187 122 143 201 240 222
61 31 226 55 214 57 254 1 191 189 131 191 175 143 247 161
191 161 15 117 235 219 227 131 124 159 7 124 135 241 209 119
123 96 70 223 229 190 199 30 204 178 

0

Rx107,OnRxDone,-67,13,255,4,4
55 203 30 245 99 252 109 59 248 195 125 187 247 27 62 242
208 55 123 167 143 242 59 250 48 71 71 191 187 143 244 173
222 239 1 135 223 42 251 96 223 231 166 7 46 191 197 222
59 125 148 199 222 49 122 228 198 251 125 160 111 116 236 183
55 120 199 7 152 29 217 187 99 175 204 129 199 190 19 143
221 121 187 251 142 190 97 244 208 241 91 222 227 195 189 227
157 30 251 190 172 188 115 236 161 217 251 149 119 122 12 127
148 239 246 253 29 63 124 219 129 223 219 131 111 13 30 122
223 35 222 246 189 125 232 239 240 70 199 63 236 91 221 244
144 227 15 255 205 61 228 119 246 94 31 224 199 249 221 141
190 221 67 114 199 35 127 115 135 238 29 218 59 58 123 155
67 59 59 163 31 239 27 189 211 206 7 122 219 6 183 28
249 160 223 87 246 209 126 99 143 121 211 219 60 254 163 126
123 199 190 221 240 67 191 69 153 236 129 239 186 227 129 31
241 219 187 239 174 71 30 206 222 238 190 195 59 123 143 92
126 147 3 31 241 219 251 16 223 239 

0

Rx108,OnRxDone,-68,12,255,5,5
173 30 241 65 223 234 125 62 208 187 222 233 205 62 234 123
222 232 241 111 202 246 142 44 222 49 122 232 59 189 219 135
120 236 77 199 191 215 195 126 103 163 7 30 126 195 222 195
190 221 129 239 247 168 7 191 205 177 91 143 56 248 237 221
244 232 15 250 189 221 114 232 104 185 120 244 187 109 61 32
111 119 100 248 118 197 206 199 251 38 111 240 225 118 222 104
231 135 240 155 122 191 157 15 244 155 42 30 252 97 126 91
189 199 221 186 225 17 15 31 252 237 123 200 15 245 157 182
30 248 205 182 30 254 251 123 208 55 59 252 13 198 31 254
205 54 178 15 242 91 123 163 199 253 72 223 237 173 142 253
136 191 169 55 11 63 194 55 184 171 252 1 222 213 235 29
218 233 221 114 219 129 15 255 110 111 245 184 15 252 253 28
251 176 189 206 214 177 223 93 248 224 247 189 205 71 252 205
117 30 51 123 163 143 252 251 26 190 227 209 223 234 174 236
208 112 99 244 150 199 127 175 155 142 223 120 216 99 223 226
29 62 214 157 183 186 235 3 28 253 

0

Rx109,OnRxDone,-68,13,255,6,6
166 14 253 112 7 223 228 205 142 126 204 251 222 231 225 59
111 119 104 246 176 55 28 248 46 71 222 116 232 232 61 15
152 125 127 31 37 55 29 248 126 15 248 102 131 31 242 55
246 253 125 232 111 246 110 183 237 124 176 183 189 197 7 120
228 219 28 252 109 125 180 111 118 223 206 209 55 61 236 222
183 247 224 135 222 118 240 35 191 193 251 132 31 232 29 223
217 35 126 140 111 117 215 199 122 195 91 237 125 168 223 217
109 199 111 189 207 71 218 235 61 224 55 55 200 109 15 91
124 183 135 125 228 111 224 240 199 191 233 219 218 250 48 31
252 155 122 248 251 246 222 234 225 223 232 129 127 239 62 224
227 191 179 135 62 176 247 54 199 118 30 252 134 241 247 224
17 63 202 119 120 196 55 41 110 29 185 243 49 126 95 143
152 189 93 200 131 110 221 117 100 184 193 67 191 195 225 239
247 168 59 247 100 197 222 209 27 97 249 77 62 192 7 126
167 183 57 126 235 3 252 182 238 56 242 161 223 236 208 143
240 109 30 249 123 123 228 55 123 155 

0

Rx110,OnRxDone,-68,13,61,7,7
143 245 192 111 238 177 143 252 198 30 120 188 252 30 195 91
111 243 200 31 229 119 181 177 245 208 239 181 241 209 191 215
55 242 248 15 253 78 239 241 216 119 60 248 183 246 208 227
229 3 223 103 231 129 123 111 

0

Rx111,OnRxDone,j: 0, k: 1, l: 0 
New test. SF: 7, CR: 3, Tx Power: 1, Toa: 552 
Rx LORA Test
Start data log: 0D 0A
0

Rx112,OnRxDone,-69,12,255,0,0
x_vals =
223 208 219 81 62 54 124 179 143 246 251 43 63 118 246 221
221 246 208 15 250 45 61 252 145 239 247 118 31 237 251 188
195 135 120 240 155 60 240 29 217 193 223 218 241 197 155 62
210 183 26 188 227 224 225 35 111 216 218 120 151 15 244 158
71 127 167 225 199 253 230 222 234 1 31 248 219 59 248 33
223 234 1 111 120 228 239 238 208 193 209 59 62 206 111 236
142 199 126 224 111 237 97 191 171 15 252 219 235 28 252 136
55 236 140 191 217 195 190 203 135 249 94 111 246 216 183 29
122 203 232 224 219 245 30 112 227 253 30 122 240 251 122 208
7 44 190 85 249 1 71 239 184 239 67 252 238 202 135 22
119 30 240 157 222 233 3 28 60 252 219 248 16 31 241 187
123 208 193 199 252 238 56 118 252 219 251 72 143 255 46 30
248 81 223 111 252 205 30 121 231 157 110 59 184 252 136 27
119 28 189 245 102 15 204 93 71 127 103 143 254 168 183 220
115 199 135 188 243 125 124 156 15 250 62 195 91 89 88 222
26 254 246 30 249 33 123 217 125 111 

0

Rx113,OnRxDone,-68,13,255,1,1
151 141 62 226 155 117 14 29 188 239 216 226 206 209 223 221
99 223 244 136 123 15 250 46 27 71 222 118 252 45 7 115
195 193 197 114 249 253 122 225 163 190 79 239 232 241 59 6
31 240 134 189 219 134 31 247 190 119 58 112 235 216 71 188
237 189 30 242 13 248 64 247 222 226 240 240 1 191 181 226
195 15 127 119 217 195 115 71 103 116 244 182 222 240 222 222
99 223 84 220 40 23 111 185 231 129 111 187 229 232 222 135
248 125 189 221 241 143 249 240 223 214 120 54 186 119 203 198
193 143 248 61 61 230 199 251 22 131 111 117 219 35 63 226
125 111 52 122 240 198 13 15 255 152 223 202 99 62 110 246
6 135 222 244 128 227 223 216 131 247 178 247 123 196 94 241
200 155 30 253 155 58 118 239 232 240 59 123 236 222 227 191
203 123 125 140 157 239 238 145 31 248 14 198 223 173 243 110
135 62 246 59 29 187 51 28 134 111 247 224 239 246 144 183
220 113 252 251 60 232 3 150 223 238 17 119 222 231 33 239
185 227 163 252 189 251 112 203 247 220 

0

Rx114,OnRxDone,-68,13,255,2,2
247 145 127 99 71 110 189 223 99 127 87 31 240 129 223 199
227 30 75 113 244 29 30 247 33 111 184 237 158 67 223 230
97 63 194 119 249 198 62 206 199 254 214 14 124 236 91 222
224 17 135 139 69 222 102 124 240 200 119 250 72 223 44 219
122 204 183 251 246 126 3 254 32 253 241 254 219 236 59 249
3 242 219 251 238 30 241 163 253 30 222 237 67 190 233 155
26 253 145 124 135 227 191 157 7 252 0 223 238 205 70 143
63 252 77 194 199 62 246 119 238 17 31 242 174 187 142 127
236 111 234 192 7 239 189 81 249 99 252 222 238 8 63 214
59 222 229 177 195 247 123 208 189 222 145 239 209 121 196 239
237 35 126 151 135 189 235 232 247 10 143 229 142 239 239 67
60 240 190 15 244 59 27 190 237 166 71 221 216 120 212 91
178 114 56 186 177 183 243 54 31 237 219 141 191 211 135 59
250 109 125 152 247 124 99 131 143 188 117 104 249 166 155 142
188 233 145 239 187 233 17 223 163 19 126 164 119 189 211 209
15 252 110 135 191 91 175 188 113 228 

0

Rx115,OnRxDone,-67,12,255,3,3
77 111 119 52 131 229 226 251 61 244 91 13 30 251 94 143
249 184 223 206 209 143 120 224 183 245 224 143 248 54 247 60
248 77 119 28 252 81 126 43 189 3 111 248 40 223 225 131
124 143 27 62 226 143 241 119 239 65 239 233 60 232 187 245
222 235 248 7 221 186 231 248 131 239 185 101 227 129 123 111
53 120 240 109 131 27 195 111 243 1 222 49 254 253 125 248
111 245 54 31 224 125 111 119 199 71 248 94 143 255 237 237
61 252 93 15 253 6 119 61 252 219 148 15 46 151 111 251
214 62 218 193 55 120 228 251 248 120 127 255 142 125 179 199
124 191 199 188 225 35 126 167 111 228 131 60 60 235 188 197
193 199 222 246 81 150 191 173 99 15 126 179 114 248 200 239
113 248 45 89 248 145 126 91 239 245 192 197 247 25 125 216
71 255 78 6 31 245 145 191 181 225 187 122 143 201 240 222
61 31 226 55 214 57 254 1 191 189 131 191 175 143 247 161
191 161 15 117 235 219 227 131 124 159 7 124 135 241 209 119
123 96 70 223 229 190 199 30 204 178 

0

Rx116,OnRxDone,-68,12,255,4,4
55 203 30 245 99 252 109 59 248 195 125 187 247 27 62 242
208 55 123 167 143 242 59 250 48 71 71 191 187 143 244 173
222 239 1 135 223 42 251 96 223 231 166 7 46 191 197 222
59 125 148 199 222 49 122 228 198 251 125 160 111 116 236 183
55 120 199 7 152 29 217 187 99 175 204 129 199 190 19 143
221 121 187 251 142 190 97 244 208 241 91 222 227 195 189 227
157 30 251 190 172 188 115 236 161 217 251 149 119 122 12 127
148 239 246 253 29 63 124 219 129 223 219 131 111 13 30 122
223 35 222 246 189 125 232 239 240 70 199 63 236 91 221 244
144 227 15 255 205 61 228 119 246 94 31 224 199 249 221 141
190 221 67 114 199 35 127 115 135 238 29 218 59 58 123 155
67 59 59 163 31 239 27 189 211 206 7 122 219 6 183 28
249 160 223 87 246 209 126 99 143 121 211 219 60 254 163 126
123 199 190 221 240 67 191 69 153 236 129 239 186 227 129 31
241 219 187 239 174 71 30 206 222 238 190 195 59 123 143 92
126 147 3 31 241 219 251 16 223 239 

0

Rx117,OnRxDone,-68,12,255,5,5
173 30 241 65 223 234 125 62 208 187 222 233 205 62 234 123
222 232 241 111 202 246 142 44 222 49 122 232 59 189 219 135
120 236 77 199 191 215 195 126 103 163 7 30 126 195 222 195
190 221 129 239 247 168 7 191 205 177 91 143 56 248 237 221
244 232 15 250 189 221 114 232 104 185 120 244 187 109 61 32
111 119 100 248 118 197 206 199 251 38 111 240 225 118 222 104
231 135 240 155 122 191 157 15 244 155 42 30 252 97 126 91
189 199 221 186 225 17 15 31 252 237 123 200 15 245 157 182
30 248 205 182 30 254 251 123 208 55 59 252 13 198 31 254
205 54 178 15 242 91 123 163 199 253 72 223 237 173 142 253
136 191 169 55 11 63 194 55 184 171 252 1 222 213 235 29
218 233 221 114 219 129 15 255 110 111 245 184 15 252 253 28
251 176 189 206 214 177 223 93 248 224 247 189 205 71 252 205
117 30 51 123 163 143 252 251 26 190 227 209 223 234 174 236
208 112 99 244 150 199 127 175 155 142 223 120 216 99 223 226
29 62 214 157 183 186 235 3 28 253 

0

Rx118,OnRxDone,-68,12,255,6,6
166 14 253 112 7 223 228 205 142 126 204 251 222 231 225 59
111 119 104 246 176 55 28 248 46 71 222 116 232 232 61 15
152 125 127 31 37 55 29 248 126 15 248 102 131 31 242 55
246 253 125 232 111 246 110 183 237 124 176 183 189 197 7 120
228 219 28 252 109 125 180 111 118 223 206 209 55 61 236 222
183 247 224 135 222 118 240 35 191 193 251 132 31 232 29 223
217 35 126 140 111 117 215 199 122 195 91 237 125 168 223 217
109 199 111 189 207 71 218 235 61 224 55 55 200 109 15 91
124 183 135 125 228 111 224 240 199 191 233 219 218 250 48 31
252 155 122 248 251 246 222 234 225 223 232 129 127 239 62 224
227 191 179 135 62 176 247 54 199 118 30 252 134 241 247 224
17 63 202 119 120 196 55 41 110 29 185 243 49 126 95 143
152 189 93 200 131 110 221 117 100 184 193 67 191 195 225 239
247 168 59 247 100 197 222 209 27 97 249 77 62 192 7 126
167 183 57 126 235 3 252 182 238 56 242 161 223 236 208 143
240 109 30 249 123 123 228 55 123 155 

0

Rx119,OnRxDone,-68,13,61,7,7
143 245 192 111 238 177 143 252 198 30 120 188 252 30 195 91
111 243 200 31 229 119 181 177 245 208 239 181 241 209 191 215
55 242 248 15 253 78 239 241 216 119 60 248 183 246 208 227
229 3 223 103 231 129 123 111 

0

Rx120,OnRxDone,j: 0, k: 2, l: 0 
New test. SF: 7, CR: 4, Tx Power: 1, Toa: 627 
Rx LORA Test
Start data log: 0D 0A
0

Rx121,OnRxDone,-68,13,255,0,0
x_vals =
223 208 219 81 62 54 124 179 143 246 251 43 63 118 246 221
221 246 208 15 250 45 61 252 145 239 247 118 31 237 251 188
195 135 120 240 155 60 240 29 217 193 223 218 241 197 155 62
210 183 26 188 227 224 225 35 111 216 218 120 151 15 244 158
71 127 167 225 199 253 230 222 234 1 31 248 219 59 248 33
223 234 1 111 120 228 239 238 208 193 209 59 62 206 111 236
142 199 126 224 111 237 97 191 171 15 252 219 235 28 252 136
55 236 140 191 217 195 190 203 135 249 94 111 246 216 183 29
122 203 232 224 219 245 30 112 227 253 30 122 240 251 122 208
7 44 190 85 249 1 71 239 184 239 67 252 238 202 135 22
119 30 240 157 222 233 3 28 60 252 219 248 16 31 241 187
123 208 193 199 252 238 56 118 252 219 251 72 143 255 46 30
248 81 223 111 252 205 30 121 231 157 110 59 184 252 136 27
119 28 189 245 102 15 204 93 71 127 103 143 254 168 183 220
115 199 135 188 243 125 124 156 15 250 62 195 91 89 88 222
26 254 246 30 249 33 123 217 125 111 

0

Rx122,OnRxDone,-68,12,255,1,1
151 141 62 226 155 117 14 29 188 239 216 226 206 209 223 221
99 223 244 136 123 15 250 46 27 71 222 118 252 45 7 115
195 193 197 114 249 253 122 225 163 190 79 239 232 241 59 6
31 240 134 189 219 134 31 247 190 119 58 112 235 216 71 188
237 189 30 242 13 248 64 247 222 226 240 240 1 191 181 226
195 15 127 119 217 195 115 71 103 116 244 182 222 240 222 222
99 223 84 220 40 23 111 185 231 129 111 187 229 232 222 135
248 125 189 221 241 143 249 240 223 214 120 54 186 119 203 198
193 143 248 61 61 230 199 251 22 131 111 117 219 35 63 226
125 111 52 122 240 198 13 15 255 152 223 202 99 62 110 246
6 135 222 244 128 227 223 216 131 247 178 247 123 196 94 241
200 155 30 253 155 58 118 239 232 240 59 123 236 222 227 191
203 123 125 140 157 239 238 145 31 248 14 198 223 173 243 110
135 62 246 59 29 187 51 28 134 111 247 224 239 246 144 183
220 113 252 251 60 232 3 150 223 238 17 119 222 231 33 239
185 227 163 252 189 251 112 203 247 220 

0

Rx123,OnRxDone,-68,13,255,2,2
247 145 127 99 71 110 189 223 99 127 87 31 240 129 223 199
227 30 75 113 244 29 30 247 33 111 184 237 158 67 223 230
97 63 194 119 249 198 62 206 199 254 214 14 124 236 91 222
224 17 135 139 69 222 102 124 240 200 119 250 72 223 44 219
122 204 183 251 246 126 3 254 32 253 241 254 219 236 59 249
3 242 219 251 238 30 241 163 253 30 222 237 67 190 233 155
26 253 145 124 135 227 191 157 7 252 0 223 238 205 70 143
63 252 77 194 199 62 246 119 238 17 31 242 174 187 142 127
236 111 234 192 7 239 189 81 249 99 252 222 238 8 63 214
59 222 229 177 195 247 123 208 189 222 145 239 209 121 196 239
237 35 126 151 135 189 235 232 247 10 143 229 142 239 239 67
60 240 190 15 244 59 27 190 237 166 71 221 216 120 212 91
178 114 56 186 177 183 243 54 31 237 219 141 191 211 135 59
250 109 125 152 247 124 99 131 143 188 117 104 249 166 155 142
188 233 145 239 187 233 17 223 163 19 126 164 119 189 211 209
15 252 110 135 191 91 175 188 113 228 

0

Rx124,OnRxDone,-67,13,255,3,3
77 111 119 52 131 229 226 251 61 244 91 13 30 251 94 143
249 184 223 206 209 143 120 224 183 245 224 143 248 54 247 60
248 77 119 28 252 81 126 43 189 3 111 248 40 223 225 131
124 143 27 62 226 143 241 119 239 65 239 233 60 232 187 245
222 235 248 7 221 186 231 248 131 239 185 101 227 129 123 111
53 120 240 109 131 27 195 111 243 1 222 49 254 253 125 248
111 245 54 31 224 125 111 119 199 71 248 94 143 255 237 237
61 252 93 15 253 6 119 61 252 219 148 15 46 151 111 251
214 62 218 193 55 120 228 251 248 120 127 255 142 125 179 199
124 191 199 188 225 35 126 167 111 228 131 60 60 235 188 197
193 199 222 246 81 150 191 173 99 15 126 179 114 248 200 239
113 248 45 89 248 145 126 91 239 245 192 197 247 25 125 216
71 255 78 6 31 245 145 191 181 225 187 122 143 201 240 222
61 31 226 55 214 57 254 1 191 189 131 191 175 143 247 161
191 161 15 117 235 219 227 131 124 159 7 124 135 241 209 119
123 96 70 223 229 190 199 30 204 178 

0

Rx125,OnRxDone,-67,13,255,4,4
55 203 30 245 99 252 109 59 248 195 125 187 247 27 62 242
208 55 123 167 143 242 59 250 48 71 71 191 187 143 244 173
222 239 1 135 223 42 251 96 223 231 166 7 46 191 197 222
59 125 148 199 222 49 122 228 198 251 125 160 111 116 236 183
55 120 199 7 152 29 217 187 99 175 204 129 199 190 19 143
221 121 187 251 142 190 97 244 208 241 91 222 227 195 189 227
157 30 251 190 172 188 115 236 161 217 251 149 119 122 12 127
148 239 246 253 29 63 124 219 129 223 219 131 111 13 30 122
223 35 222 246 189 125 232 239 240 70 199 63 236 91 221 244
144 227 15 255 205 61 228 119 246 94 31 224 199 249 221 141
190 221 67 114 199 35 127 115 135 238 29 218 59 58 123 155
67 59 59 163 31 239 27 189 211 206 7 122 219 6 183 28
249 160 223 87 246 209 126 99 143 121 211 219 60 254 163 126
123 199 190 221 240 67 191 69 153 236 129 239 186 227 129 31
241 219 187 239 174 71 30 206 222 238 190 195 59 123 143 92
126 147 3 31 241 219 251 16 223 239 

0

Rx126,OnRxDone,-67,13,255,5,5
173 30 241 65 223 234 125 62 208 187 222 233 205 62 234 123
222 232 241 111 202 246 142 44 222 49 122 232 59 189 219 135
120 236 77 199 191 215 195 126 103 163 7 30 126 195 222 195
190 221 129 239 247 168 7 191 205 177 91 143 56 248 237 221
244 232 15 250 189 221 114 232 104 185 120 244 187 109 61 32
111 119 100 248 118 197 206 199 251 38 111 240 225 118 222 104
231 135 240 155 122 191 157 15 244 155 42 30 252 97 126 91
189 199 221 186 225 17 15 31 252 237 123 200 15 245 157 182
30 248 205 182 30 254 251 123 208 55 59 252 13 198 31 254
205 54 178 15 242 91 123 163 199 253 72 223 237 173 142 253
136 191 169 55 11 63 194 55 184 171 252 1 222 213 235 29
218 233 221 114 219 129 15 255 110 111 245 184 15 252 253 28
251 176 189 206 214 177 223 93 248 224 247 189 205 71 252 205
117 30 51 123 163 143 252 251 26 190 227 209 223 234 174 236
208 112 99 244 150 199 127 175 155 142 223 120 216 99 223 226
29 62 214 157 183 186 235 3 28 253 

0

Rx127,OnRxDone,-68,12,255,6,6
166 14 253 112 7 223 228 205 142 126 204 251 222 231 225 59
111 119 104 246 176 55 28 248 46 71 222 116 232 232 61 15
152 125 127 31 37 55 29 248 126 15 248 102 131 31 242 55
246 253 125 232 111 246 110 183 237 124 176 183 189 197 7 120
228 219 28 252 109 125 180 111 118 223 206 209 55 61 236 222
183 247 224 135 222 118 240 35 191 193 251 132 31 232 29 223
217 35 126 140 111 117 215 199 122 195 91 237 125 168 223 217
109 199 111 189 207 71 218 235 61 224 55 55 200 109 15 91
124 183 135 125 228 111 224 240 199 191 233 219 218 250 48 31
252 155 122 248 251 246 222 234 225 223 232 129 127 239 62 224
227 191 179 135 62 176 247 54 199 118 30 252 134 241 247 224
17 63 202 119 120 196 55 41 110 29 185 243 49 126 95 143
152 189 93 200 131 110 221 117 100 184 193 67 191 195 225 239
247 168 59 247 100 197 222 209 27 97 249 77 62 192 7 126
167 183 57 126 235 3 252 182 238 56 242 161 223 236 208 143
240 109 30 249 123 123 228 55 123 155 

0

Rx128,OnRxDone,-68,14,61,7,7
143 245 192 111 238 177 143 252 198 30 120 188 252 30 195 91
111 243 200 31 229 119 181 177 245 208 239 181 241 209 191 215
55 242 248 15 253 78 239 241 216 119 60 248 183 246 208 227
229 3 223 103 231 129 123 111 

0

Rx129,OnRxDone,j: 0, k: 0, l: 0 
New test. SF: 7, CR: 1, Tx Power: 3, Toa: 400 
Rx LORA Test
Start data log: 0D 0A
0

Rx130,OnRxDone,-71,13,255,0,0
x_vals =
223 208 219 81 62 54 124 179 143 246 251 43 63 118 246 221
221 246 208 15 250 45 61 252 145 239 247 118 31 237 251 188
195 135 120 240 155 60 240 29 217 193 223 218 241 197 155 62
210 183 26 188 227 224 225 35 111 216 218 120 151 15 244 158
71 127 167 225 199 253 230 222 234 1 31 248 219 59 248 33
223 234 1 111 120 228 239 238 208 193 209 59 62 206 111 236
142 199 126 224 111 237 97 191 171 15 252 219 235 28 252 136
55 236 140 191 217 195 190 203 135 249 94 111 246 216 183 29
122 203 232 224 219 245 30 112 227 253 30 122 240 251 122 208
7 44 190 85 249 1 71 239 184 239 67 252 238 202 135 22
119 30 240 157 222 233 3 28 60 252 219 248 16 31 241 187
123 208 193 199 252 238 56 118 252 219 251 72 143 255 46 30
248 81 223 111 252 205 30 121 231 157 110 59 184 252 136 27
119 28 189 245 102 15 204 93 71 127 103 143 254 168 183 220
115 199 135 188 243 125 124 156 15 250 62 195 91 89 88 222
26 254 246 30 249 33 123 217 125 111 

0

Rx131,OnRxDone,-71,13,255,1,1
151 141 62 226 155 117 14 29 188 239 216 226 206 209 223 221
99 223 244 136 123 15 250 46 27 71 222 118 252 45 7 115
195 193 197 114 249 253 122 225 163 190 79 239 232 241 59 6
31 240 134 189 219 134 31 247 190 119 58 112 235 216 71 188
237 189 30 242 13 248 64 247 222 226 240 240 1 191 181 226
195 15 127 119 217 195 115 71 103 116 244 182 222 240 222 222
99 223 84 220 40 23 111 185 231 129 111 187 229 232 222 135
248 125 189 221 241 143 249 240 223 214 120 54 186 119 203 198
193 143 248 61 61 230 199 251 22 131 111 117 219 35 63 226
125 111 52 122 240 198 13 15 255 152 223 202 99 62 110 246
6 135 222 244 128 227 223 216 131 247 178 247 123 196 94 241
200 155 30 253 155 58 118 239 232 240 59 123 236 222 227 191
203 123 125 140 157 239 238 145 31 248 14 198 223 173 243 110
135 62 246 59 29 187 51 28 134 111 247 224 239 246 144 183
220 113 252 251 60 232 3 150 223 238 17 119 222 231 33 239
185 227 163 252 189 251 112 203 247 220 

0

Rx132,OnRxDone,-71,13,255,2,2
247 145 127 99 71 110 189 223 99 127 87 31 240 129 223 199
227 30 75 113 244 29 30 247 33 111 184 237 158 67 223 230
97 63 194 119 249 198 62 206 199 254 214 14 124 236 91 222
224 17 135 139 69 222 102 124 240 200 119 250 72 223 44 219
122 204 183 251 246 126 3 254 32 253 241 254 219 236 59 249
3 242 219 251 238 30 241 163 253 30 222 237 67 190 233 155
26 253 145 124 135 227 191 157 7 252 0 223 238 205 70 143
63 252 77 194 199 62 246 119 238 17 31 242 174 187 142 127
236 111 234 192 7 239 189 81 249 99 252 222 238 8 63 214
59 222 229 177 195 247 123 208 189 222 145 239 209 121 196 239
237 35 126 151 135 189 235 232 247 10 143 229 142 239 239 67
60 240 190 15 244 59 27 190 237 166 71 221 216 120 212 91
178 114 56 186 177 183 243 54 31 237 219 141 191 211 135 59
250 109 125 152 247 124 99 131 143 188 117 104 249 166 155 142
188 233 145 239 187 233 17 223 163 19 126 164 119 189 211 209
15 252 110 135 191 91 175 188 113 228 

0

Rx133,OnRxDone,-70,12,255,3,3
77 111 119 52 131 229 226 251 61 244 91 13 30 251 94 143
249 184 223 206 209 143 120 224 183 245 224 143 248 54 247 60
248 77 119 28 252 81 126 43 189 3 111 248 40 223 225 131
124 143 27 62 226 143 241 119 239 65 239 233 60 232 187 245
222 235 248 7 221 186 231 248 131 239 185 101 227 129 123 111
53 120 240 109 131 27 195 111 243 1 222 49 254 253 125 248
111 245 54 31 224 125 111 119 199 71 248 94 143 255 237 237
61 252 93 15 253 6 119 61 252 219 148 15 46 151 111 251
214 62 218 193 55 120 228 251 248 120 127 255 142 125 179 199
124 191 199 188 225 35 126 167 111 228 131 60 60 235 188 197
193 199 222 246 81 150 191 173 99 15 126 179 114 248 200 239
113 248 45 89 248 145 126 91 239 245 192 197 247 25 125 216
71 255 78 6 31 245 145 191 181 225 187 122 143 201 240 222
61 31 226 55 214 57 254 1 191 189 131 191 175 143 247 161
191 161 15 117 235 219 227 131 124 159 7 124 135 241 209 119
123 96 70 223 229 190 199 30 204 178 

0

Rx134,OnRxDone,-70,12,255,4,4
55 203 30 245 99 252 109 59 248 195 125 187 247 27 62 242
208 55 123 167 143 242 59 250 48 71 71 191 187 143 244 173
222 239 1 135 223 42 251 96 223 231 166 7 46 191 197 222
59 125 148 199 222 49 122 228 198 251 125 160 111 116 236 183
55 120 199 7 152 29 217 187 99 175 204 129 199 190 19 143
221 121 187 251 142 190 97 244 208 241 91 222 227 195 189 227
157 30 251 190 172 188 115 236 161 217 251 149 119 122 12 127
148 239 246 253 29 63 124 219 129 223 219 131 111 13 30 122
223 35 222 246 189 125 232 239 240 70 199 63 236 91 221 244
144 227 15 255 205 61 228 119 246 94 31 224 199 249 221 141
190 221 67 114 199 35 127 115 135 238 29 218 59 58 123 155
67 59 59 163 31 239 27 189 211 206 7 122 219 6 183 28
249 160 223 87 246 209 126 99 143 121 211 219 60 254 163 126
123 199 190 221 240 67 191 69 153 236 129 239 186 227 129 31
241 219 187 239 174 71 30 206 222 238 190 195 59 123 143 92
126 147 3 31 241 219 251 16 223 239 

0

Rx135,OnRxDone,-69,12,255,5,5
173 30 241 65 223 234 125 62 208 187 222 233 205 62 234 123
222 232 241 111 202 246 142 44 222 49 122 232 59 189 219 135
120 236 77 199 191 215 195 126 103 163 7 30 126 195 222 195
190 221 129 239 247 168 7 191 205 177 91 143 56 248 237 221
244 232 15 250 189 221 114 232 104 185 120 244 187 109 61 32
111 119 100 248 118 197 206 199 251 38 111 240 225 118 222 104
231 135 240 155 122 191 157 15 244 155 42 30 252 97 126 91
189 199 221 186 225 17 15 31 252 237 123 200 15 245 157 182
30 248 205 182 30 254 251 123 208 55 59 252 13 198 31 254
205 54 178 15 242 91 123 163 199 253 72 223 237 173 142 253
136 191 169 55 11 63 194 55 184 171 252 1 222 213 235 29
218 233 221 114 219 129 15 255 110 111 245 184 15 252 253 28
251 176 189 206 214 177 223 93 248 224 247 189 205 71 252 205
117 30 51 123 163 143 252 251 26 190 227 209 223 234 174 236
208 112 99 244 150 199 127 175 155 142 223 120 216 99 223 226
29 62 214 157 183 186 235 3 28 253 

0

Rx136,OnRxDone,-69,13,255,6,6
166 14 253 112 7 223 228 205 142 126 204 251 222 231 225 59
111 119 104 246 176 55 28 248 46 71 222 116 232 232 61 15
152 125 127 31 37 55 29 248 126 15 248 102 131 31 242 55
246 253 125 232 111 246 110 183 237 124 176 183 189 197 7 120
228 219 28 252 109 125 180 111 118 223 206 209 55 61 236 222
183 247 224 135 222 118 240 35 191 193 251 132 31 232 29 223
217 35 126 140 111 117 215 199 122 195 91 237 125 168 223 217
109 199 111 189 207 71 218 235 61 224 55 55 200 109 15 91
124 183 135 125 228 111 224 240 199 191 233 219 218 250 48 31
252 155 122 248 251 246 222 234 225 223 232 129 127 239 62 224
227 191 179 135 62 176 247 54 199 118 30 252 134 241 247 224
17 63 202 119 120 196 55 41 110 29 185 243 49 126 95 143
152 189 93 200 131 110 221 117 100 184 193 67 191 195 225 239
247 168 59 247 100 197 222 209 27 97 249 77 62 192 7 126
167 183 57 126 235 3 252 182 238 56 242 161 223 236 208 143
240 109 30 249 123 123 228 55 123 155 

0

Rx137,OnRxDone,-69,13,61,7,7
143 245 192 111 238 177 143 252 198 30 120 188 252 30 195 91
111 243 200 31 229 119 181 177 245 208 239 181 241 209 191 215
55 242 248 15 253 78 239 241 216 119 60 248 183 246 208 227
229 3 223 103 231 129 123 111 

0

Rx138,OnRxDone,j: 0, k: 0, l: 1 
New test. SF: 7, CR: 1, Tx Power: 5, Toa: 400 
Rx LORA Test
Start data log: 0D 0A
0

Rx139,OnRxDone,-67,13,255,0,0
x_vals =
223 208 219 81 62 54 124 179 143 246 251 43 63 118 246 221
221 246 208 15 250 45 61 252 145 239 247 118 31 237 251 188
195 135 120 240 155 60 240 29 217 193 223 218 241 197 155 62
210 183 26 188 227 224 225 35 111 216 218 120 151 15 244 158
71 127 167 225 199 253 230 222 234 1 31 248 219 59 248 33
223 234 1 111 120 228 239 238 208 193 209 59 62 206 111 236
142 199 126 224 111 237 97 191 171 15 252 219 235 28 252 136
55 236 140 191 217 195 190 203 135 249 94 111 246 216 183 29
122 203 232 224 219 245 30 112 227 253 30 122 240 251 122 208
7 44 190 85 249 1 71 239 184 239 67 252 238 202 135 22
119 30 240 157 222 233 3 28 60 252 219 248 16 31 241 187
123 208 193 199 252 238 56 118 252 219 251 72 143 255 46 30
248 81 223 111 252 205 30 121 231 157 110 59 184 252 136 27
119 28 189 245 102 15 204 93 71 127 103 143 254 168 183 220
115 199 135 188 243 125 124 156 15 250 62 195 91 89 88 222
26 254 246 30 249 33 123 217 125 111 

0

Rx140,OnRxDone,-67,13,255,1,1
151 141 62 226 155 117 14 29 188 239 216 226 206 209 223 221
99 223 244 136 123 15 250 46 27 71 222 118 252 45 7 115
195 193 197 114 249 253 122 225 163 190 79 239 232 241 59 6
31 240 134 189 219 134 31 247 190 119 58 112 235 216 71 188
237 189 30 242 13 248 64 247 222 226 240 240 1 191 181 226
195 15 127 119 217 195 115 71 103 116 244 182 222 240 222 222
99 223 84 220 40 23 111 185 231 129 111 187 229 232 222 135
248 125 189 221 241 143 249 240 223 214 120 54 186 119 203 198
193 143 248 61 61 230 199 251 22 131 111 117 219 35 63 226
125 111 52 122 240 198 13 15 255 152 223 202 99 62 110 246
6 135 222 244 128 227 223 216 131 247 178 247 123 196 94 241
200 155 30 253 155 58 118 239 232 240 59 123 236 222 227 191
203 123 125 140 157 239 238 145 31 248 14 198 223 173 243 110
135 62 246 59 29 187 51 28 134 111 247 224 239 246 144 183
220 113 252 251 60 232 3 150 223 238 17 119 222 231 33 239
185 227 163 252 189 251 112 203 247 220 

0

Rx141,OnRxDone,-67,13,255,2,2
247 145 127 99 71 110 189 223 99 127 87 31 240 129 223 199
227 30 75 113 244 29 30 247 33 111 184 237 158 67 223 230
97 63 194 119 249 198 62 206 199 254 214 14 124 236 91 222
224 17 135 139 69 222 102 124 240 200 119 250 72 223 44 219
122 204 183 251 246 126 3 254 32 253 241 254 219 236 59 249
3 242 219 251 238 30 241 163 253 30 222 237 67 190 233 155
26 253 145 124 135 227 191 157 7 252 0 223 238 205 70 143
63 252 77 194 199 62 246 119 238 17 31 242 174 187 142 127
236 111 234 192 7 239 189 81 249 99 252 222 238 8 63 214
59 222 229 177 195 247 123 208 189 222 145 239 209 121 196 239
237 35 126 151 135 189 235 232 247 10 143 229 142 239 239 67
60 240 190 15 244 59 27 190 237 166 71 221 216 120 212 91
178 114 56 186 177 183 243 54 31 237 219 141 191 211 135 59
250 109 125 152 247 124 99 131 143 188 117 104 249 166 155 142
188 233 145 239 187 233 17 223 163 19 126 164 119 189 211 209
15 252 110 135 191 91 175 188 113 228 

0

Rx142,OnRxDone,-67,13,255,3,3
77 111 119 52 131 229 226 251 61 244 91 13 30 251 94 143
249 184 223 206 209 143 120 224 183 245 224 143 248 54 247 60
248 77 119 28 252 81 126 43 189 3 111 248 40 223 225 131
124 143 27 62 226 143 241 119 239 65 239 233 60 232 187 245
222 235 248 7 221 186 231 248 131 239 185 101 227 129 123 111
53 120 240 109 131 27 195 111 243 1 222 49 254 253 125 248
111 245 54 31 224 125 111 119 199 71 248 94 143 255 237 237
61 252 93 15 253 6 119 61 252 219 148 15 46 151 111 251
214 62 218 193 55 120 228 251 248 120 127 255 142 125 179 199
124 191 199 188 225 35 126 167 111 228 131 60 60 235 188 197
193 199 222 246 81 150 191 173 99 15 126 179 114 248 200 239
113 248 45 89 248 145 126 91 239 245 192 197 247 25 125 216
71 255 78 6 31 245 145 191 181 225 187 122 143 201 240 222
61 31 226 55 214 57 254 1 191 189 131 191 175 143 247 161
191 161 15 117 235 219 227 131 124 159 7 124 135 241 209 119
123 96 70 223 229 190 199 30 204 178 

0

Rx143,OnRxDone,-67,13,255,4,4
55 203 30 245 99 252 109 59 248 195 125 187 247 27 62 242
208 55 123 167 143 242 59 250 48 71 71 191 187 143 244 173
222 239 1 135 223 42 251 96 223 231 166 7 46 191 197 222
59 125 148 199 222 49 122 228 198 251 125 160 111 116 236 183
55 120 199 7 152 29 217 187 99 175 204 129 199 190 19 143
221 121 187 251 142 190 97 244 208 241 91 222 227 195 189 227
157 30 251 190 172 188 115 236 161 217 251 149 119 122 12 127
148 239 246 253 29 63 124 219 129 223 219 131 111 13 30 122
223 35 222 246 189 125 232 239 240 70 199 63 236 91 221 244
144 227 15 255 205 61 228 119 246 94 31 224 199 249 221 141
190 221 67 114 199 35 127 115 135 238 29 218 59 58 123 155
67 59 59 163 31 239 27 189 211 206 7 122 219 6 183 28
249 160 223 87 246 209 126 99 143 121 211 219 60 254 163 126
123 199 190 221 240 67 191 69 153 236 129 239 186 227 129 31
241 219 187 239 174 71 30 206 222 238 190 195 59 123 143 92
126 147 3 31 241 219 251 16 223 239 

0

Rx144,OnRxDone,-67,13,255,5,5
173 30 241 65 223 234 125 62 208 187 222 233 205 62 234 123
222 232 241 111 202 246 142 44 222 49 122 232 59 189 219 135
120 236 77 199 191 215 195 126 103 163 7 30 126 195 222 195
190 221 129 239 247 168 7 191 205 177 91 143 56 248 237 221
244 232 15 250 189 221 114 232 104 185 120 244 187 109 61 32
111 119 100 248 118 197 206 199 251 38 111 240 225 118 222 104
231 135 240 155 122 191 157 15 244 155 42 30 252 97 126 91
189 199 221 186 225 17 15 31 252 237 123 200 15 245 157 182
30 248 205 182 30 254 251 123 208 55 59 252 13 198 31 254
205 54 178 15 242 91 123 163 199 253 72 223 237 173 142 253
136 191 169 55 11 63 194 55 184 171 252 1 222 213 235 29
218 233 221 114 219 129 15 255 110 111 245 184 15 252 253 28
251 176 189 206 214 177 223 93 248 224 247 189 205 71 252 205
117 30 51 123 163 143 252 251 26 190 227 209 223 234 174 236
208 112 99 244 150 199 127 175 155 142 223 120 216 99 223 226
29 62 214 157 183 186 235 3 28 253 

0

Rx145,OnRxDone,-66,13,255,6,6
166 14 253 112 7 223 228 205 142 126 204 251 222 231 225 59
111 119 104 246 176 55 28 248 46 71 222 116 232 232 61 15
152 125 127 31 37 55 29 248 126 15 248 102 131 31 242 55
246 253 125 232 111 246 110 183 237 124 176 183 189 197 7 120
228 219 28 252 109 125 180 111 118 223 206 209 55 61 236 222
183 247 224 135 222 118 240 35 191 193 251 132 31 232 29 223
217 35 126 140 111 117 215 199 122 195 91 237 125 168 223 217
109 199 111 189 207 71 218 235 61 224 55 55 200 109 15 91
124 183 135 125 228 111 224 240 199 191 233 219 218 250 48 31
252 155 122 248 251 246 222 234 225 223 232 129 127 239 62 224
227 191 179 135 62 176 247 54 199 118 30 252 134 241 247 224
17 63 202 119 120 196 55 41 110 29 185 243 49 126 95 143
152 189 93 200 131 110 221 117 100 184 193 67 191 195 225 239
247 168 59 247 100 197 222 209 27 97 249 77 62 192 7 126
167 183 57 126 235 3 252 182 238 56 242 161 223 236 208 143
240 109 30 249 123 123 228 55 123 155 

0

Rx146,OnRxDone,-67,13,61,7,7
143 245 192 111 238 177 143 252 198 30 120 188 252 30 195 91
111 243 200 31 229 119 181 177 245 208 239 181 241 209 191 215
55 242 248 15 253 78 239 241 216 119 60 248 183 246 208 227
229 3 223 103 231 129 123 111 

0

Rx147,OnRxDone,j: 0, k: 0, l: 2 
New test. SF: 7, CR: 1, Tx Power: 10, Toa: 400 
Rx LORA Test
Start data log: 0D 0A
0

Rx148,OnRxDone,-66,13,255,0,0
x_vals =
223 208 219 81 62 54 124 179 143 246 251 43 63 118 246 221
221 246 208 15 250 45 61 252 145 239 247 118 31 237 251 188
195 135 120 240 155 60 240 29 217 193 223 218 241 197 155 62
210 183 26 188 227 224 225 35 111 216 218 120 151 15 244 158
71 127 167 225 199 253 230 222 234 1 31 248 219 59 248 33
223 234 1 111 120 228 239 238 208 193 209 59 62 206 111 236
142 199 126 224 111 237 97 191 171 15 252 219 235 28 252 136
55 236 140 191 217 195 190 203 135 249 94 111 246 216 183 29
122 203 232 224 219 245 30 112 227 253 30 122 240 251 122 208
7 44 190 85 249 1 71 239 184 239 67 252 238 202 135 22
119 30 240 157 222 233 3 28 60 252 219 248 16 31 241 187
123 208 193 199 252 238 56 118 252 219 251 72 143 255 46 30
248 81 223 111 252 205 30 121 231 157 110 59 184 252 136 27
119 28 189 245 102 15 204 93 71 127 103 143 254 168 183 220
115 199 135 188 243 125 124 156 15 250 62 195 91 89 88 222
26 254 246 30 249 33 123 217 125 111 

0

Rx149,OnRxDone,-66,12,255,1,1
151 141 62 226 155 117 14 29 188 239 216 226 206 209 223 221
99 223 244 136 123 15 250 46 27 71 222 118 252 45 7 115
195 193 197 114 249 253 122 225 163 190 79 239 232 241 59 6
31 240 134 189 219 134 31 247 190 119 58 112 235 216 71 188
237 189 30 242 13 248 64 247 222 226 240 240 1 191 181 226
195 15 127 119 217 195 115 71 103 116 244 182 222 240 222 222
99 223 84 220 40 23 111 185 231 129 111 187 229 232 222 135
248 125 189 221 241 143 249 240 223 214 120 54 186 119 203 198
193 143 248 61 61 230 199 251 22 131 111 117 219 35 63 226
125 111 52 122 240 198 13 15 255 152 223 202 99 62 110 246
6 135 222 244 128 227 223 216 131 247 178 247 123 196 94 241
200 155 30 253 155 58 118 239 232 240 59 123 236 222 227 191
203 123 125 140 157 239 238 145 31 248 14 198 223 173 243 110
135 62 246 59 29 187 51 28 134 111 247 224 239 246 144 183
220 113 252 251 60 232 3 150 223 238 17 119 222 231 33 239
185 227 163 252 189 251 112 203 247 220 

0

Rx150,OnRxDone,-65,13,255,2,2
247 145 127 99 71 110 189 223 99 127 87 31 240 129 223 199
227 30 75 113 244 29 30 247 33 111 184 237 158 67 223 230
97 63 194 119 249 198 62 206 199 254 214 14 124 236 91 222
224 17 135 139 69 222 102 124 240 200 119 250 72 223 44 219
122 204 183 251 246 126 3 254 32 253 241 254 219 236 59 249
3 242 219 251 238 30 241 163 253 30 222 237 67 190 233 155
26 253 145 124 135 227 191 157 7 252 0 223 238 205 70 143
63 252 77 194 199 62 246 119 238 17 31 242 174 187 142 127
236 111 234 192 7 239 189 81 249 99 252 222 238 8 63 214
59 222 229 177 195 247 123 208 189 222 145 239 209 121 196 239
237 35 126 151 135 189 235 232 247 10 143 229 142 239 239 67
60 240 190 15 244 59 27 190 237 166 71 221 216 120 212 91
178 114 56 186 177 183 243 54 31 237 219 141 191 211 135 59
250 109 125 152 247 124 99 131 143 188 117 104 249 166 155 142
188 233 145 239 187 233 17 223 163 19 126 164 119 189 211 209
15 252 110 135 191 91 175 188 113 228 

0

Rx151,OnRxDone,-64,13,255,3,3
77 111 119 52 131 229 226 251 61 244 91 13 30 251 94 143
249 184 223 206 209 143 120 224 183 245 224 143 248 54 247 60
248 77 119 28 252 81 126 43 189 3 111 248 40 223 225 131
124 143 27 62 226 143 241 119 239 65 239 233 60 232 187 245
222 235 248 7 221 186 231 248 131 239 185 101 227 129 123 111
53 120 240 109 131 27 195 111 243 1 222 49 254 253 125 248
111 245 54 31 224 125 111 119 199 71 248 94 143 255 237 237
61 252 93 15 253 6 119 61 252 219 148 15 46 151 111 251
214 62 218 193 55 120 228 251 248 120 127 255 142 125 179 199
124 191 199 188 225 35 126 167 111 228 131 60 60 235 188 197
193 199 222 246 81 150 191 173 99 15 126 179 114 248 200 239
113 248 45 89 248 145 126 91 239 245 192 197 247 25 125 216
71 255 78 6 31 245 145 191 181 225 187 122 143 201 240 222
61 31 226 55 214 57 254 1 191 189 131 191 175 143 247 161
191 161 15 117 235 219 227 131 124 159 7 124 135 241 209 119
123 96 70 223 229 190 199 30 204 178 

0

Rx152,OnRxDone,-64,12,255,4,4
55 203 30 245 99 252 109 59 248 195 125 187 247 27 62 242
208 55 123 167 143 242 59 250 48 71 71 191 187 143 244 173
222 239 1 135 223 42 251 96 223 231 166 7 46 191 197 222
59 125 148 199 222 49 122 228 198 251 125 160 111 116 236 183
55 120 199 7 152 29 217 187 99 175 204 129 199 190 19 143
221 121 187 251 142 190 97 244 208 241 91 222 227 195 189 227
157 30 251 190 172 188 115 236 161 217 251 149 119 122 12 127
148 239 246 253 29 63 124 219 129 223 219 131 111 13 30 122
223 35 222 246 189 125 232 239 240 70 199 63 236 91 221 244
144 227 15 255 205 61 228 119 246 94 31 224 199 249 221 141
190 221 67 114 199 35 127 115 135 238 29 218 59 58 123 155
67 59 59 163 31 239 27 189 211 206 7 122 219 6 183 28
249 160 223 87 246 209 126 99 143 121 211 219 60 254 163 126
123 199 190 221 240 67 191 69 153 236 129 239 186 227 129 31
241 219 187 239 174 71 30 206 222 238 190 195 59 123 143 92
126 147 3 31 241 219 251 16 223 239 

0

Rx153,OnRxDone,-64,13,255,5,5
173 30 241 65 223 234 125 62 208 187 222 233 205 62 234 123
222 232 241 111 202 246 142 44 222 49 122 232 59 189 219 135
120 236 77 199 191 215 195 126 103 163 7 30 126 195 222 195
190 221 129 239 247 168 7 191 205 177 91 143 56 248 237 221
244 232 15 250 189 221 114 232 104 185 120 244 187 109 61 32
111 119 100 248 118 197 206 199 251 38 111 240 225 118 222 104
231 135 240 155 122 191 157 15 244 155 42 30 252 97 126 91
189 199 221 186 225 17 15 31 252 237 123 200 15 245 157 182
30 248 205 182 30 254 251 123 208 55 59 252 13 198 31 254
205 54 178 15 242 91 123 163 199 253 72 223 237 173 142 253
136 191 169 55 11 63 194 55 184 171 252 1 222 213 235 29
218 233 221 114 219 129 15 255 110 111 245 184 15 252 253 28
251 176 189 206 214 177 223 93 248 224 247 189 205 71 252 205
117 30 51 123 163 143 252 251 26 190 227 209 223 234 174 236
208 112 99 244 150 199 127 175 155 142 223 120 216 99 223 226
29 62 214 157 183 186 235 3 28 253 

0

Rx154,OnRxDone,-64,13,255,6,6
166 14 253 112 7 223 228 205 142 126 204 251 222 231 225 59
111 119 104 246 176 55 28 248 46 71 222 116 232 232 61 15
152 125 127 31 37 55 29 248 126 15 248 102 131 31 242 55
246 253 125 232 111 246 110 183 237 124 176 183 189 197 7 120
228 219 28 252 109 125 180 111 118 223 206 209 55 61 236 222
183 247 224 135 222 118 240 35 191 193 251 132 31 232 29 223
217 35 126 140 111 117 215 199 122 195 91 237 125 168 223 217
109 199 111 189 207 71 218 235 61 224 55 55 200 109 15 91
124 183 135 125 228 111 224 240 199 191 233 219 218 250 48 31
252 155 122 248 251 246 222 234 225 223 232 129 127 239 62 224
227 191 179 135 62 176 247 54 199 118 30 252 134 241 247 224
17 63 202 119 120 196 55 41 110 29 185 243 49 126 95 143
152 189 93 200 131 110 221 117 100 184 193 67 191 195 225 239
247 168 59 247 100 197 222 209 27 97 249 77 62 192 7 126
167 183 57 126 235 3 252 182 238 56 242 161 223 236 208 143
240 109 30 249 123 123 228 55 123 155 

0

Rx155,OnRxDone,-65,13,61,7,7
143 245 192 111 238 177 143 252 198 30 120 188 252 30 195 91
111 243 200 31 229 119 181 177 245 208 239 181 241 209 191 215
55 242 248 15 253 78 239 241 216 119 60 248 183 246 208 227
229 3 223 103 231 129 123 111 

0

Rx156,OnRxDone,j: 0, k: 0, l: 3 
New test. SF: 7, CR: 1, Tx Power: 14, Toa: 400 
Rx LORA Test
Start data log: 0D 0A
0

Rx157,OnRxDone,-60,13,255,0,0
x_vals =
223 208 219 81 62 54 124 179 143 246 251 43 63 118 246 221
221 246 208 15 250 45 61 252 145 239 247 118 31 237 251 188
195 135 120 240 155 60 240 29 217 193 223 218 241 197 155 62
210 183 26 188 227 224 225 35 111 216 218 120 151 15 244 158
71 127 167 225 199 253 230 222 234 1 31 248 219 59 248 33
223 234 1 111 120 228 239 238 208 193 209 59 62 206 111 236
142 199 126 224 111 237 97 191 171 15 252 219 235 28 252 136
55 236 140 191 217 195 190 203 135 249 94 111 246 216 183 29
122 203 232 224 219 245 30 112 227 253 30 122 240 251 122 208
7 44 190 85 249 1 71 239 184 239 67 252 238 202 135 22
119 30 240 157 222 233 3 28 60 252 219 248 16 31 241 187
123 208 193 199 252 238 56 118 252 219 251 72 143 255 46 30
248 81 223 111 252 205 30 121 231 157 110 59 184 252 136 27
119 28 189 245 102 15 204 93 71 127 103 143 254 168 183 220
115 199 135 188 243 125 124 156 15 250 62 195 91 89 88 222
26 254 246 30 249 33 123 217 125 111 

0

Rx158,OnRxDone,-60,13,255,1,1
151 141 62 226 155 117 14 29 188 239 216 226 206 209 223 221
99 223 244 136 123 15 250 46 27 71 222 118 252 45 7 115
195 193 197 114 249 253 122 225 163 190 79 239 232 241 59 6
31 240 134 189 219 134 31 247 190 119 58 112 235 216 71 188
237 189 30 242 13 248 64 247 222 226 240 240 1 191 181 226
195 15 127 119 217 195 115 71 103 116 244 182 222 240 222 222
99 223 84 220 40 23 111 185 231 129 111 187 229 232 222 135
248 125 189 221 241 143 249 240 223 214 120 54 186 119 203 198
193 143 248 61 61 230 199 251 22 131 111 117 219 35 63 226
125 111 52 122 240 198 13 15 255 152 223 202 99 62 110 246
6 135 222 244 128 227 223 216 131 247 178 247 123 196 94 241
200 155 30 253 155 58 118 239 232 240 59 123 236 222 227 191
203 123 125 140 157 239 238 145 31 248 14 198 223 173 243 110
135 62 246 59 29 187 51 28 134 111 247 224 239 246 144 183
220 113 252 251 60 232 3 150 223 238 17 119 222 231 33 239
185 227 163 252 189 251 112 203 247 220 

0

Rx159,OnRxDone,-60,13,255,2,2
247 145 127 99 71 110 189 223 99 127 87 31 240 129 223 199
227 30 75 113 244 29 30 247 33 111 184 237 158 67 223 230
97 63 194 119 249 198 62 206 199 254 214 14 124 236 91 222
224 17 135 139 69 222 102 124 240 200 119 250 72 223 44 219
122 204 183 251 246 126 3 254 32 253 241 254 219 236 59 249
3 242 219 251 238 30 241 163 253 30 222 237 67 190 233 155
26 253 145 124 135 227 191 157 7 252 0 223 238 205 70 143
63 252 77 194 199 62 246 119 238 17 31 242 174 187 142 127
236 111 234 192 7 239 189 81 249 99 252 222 238 8 63 214
59 222 229 177 195 247 123 208 189 222 145 239 209 121 196 239
237 35 126 151 135 189 235 232 247 10 143 229 142 239 239 67
60 240 190 15 244 59 27 190 237 166 71 221 216 120 212 91
178 114 56 186 177 183 243 54 31 237 219 141 191 211 135 59
250 109 125 152 247 124 99 131 143 188 117 104 249 166 155 142
188 233 145 239 187 233 17 223 163 19 126 164 119 189 211 209
15 252 110 135 191 91 175 188 113 228 

0

Rx160,OnRxDone,-60,13,255,3,3
77 111 119 52 131 229 226 251 61 244 91 13 30 251 94 143
249 184 223 206 209 143 120 224 183 245 224 143 248 54 247 60
248 77 119 28 252 81 126 43 189 3 111 248 40 223 225 131
124 143 27 62 226 143 241 119 239 65 239 233 60 232 187 245
222 235 248 7 221 186 231 248 131 239 185 101 227 129 123 111
53 120 240 109 131 27 195 111 243 1 222 49 254 253 125 248
111 245 54 31 224 125 111 119 199 71 248 94 143 255 237 237
61 252 93 15 253 6 119 61 252 219 148 15 46 151 111 251
214 62 218 193 55 120 228 251 248 120 127 255 142 125 179 199
124 191 199 188 225 35 126 167 111 228 131 60 60 235 188 197
193 199 222 246 81 150 191 173 99 15 126 179 114 248 200 239
113 248 45 89 248 145 126 91 239 245 192 197 247 25 125 216
71 255 78 6 31 245 145 191 181 225 187 122 143 201 240 222
61 31 226 55 214 57 254 1 191 189 131 191 175 143 247 161
191 161 15 117 235 219 227 131 124 159 7 124 135 241 209 119
123 96 70 223 229 190 199 30 204 178 

0

Rx161,OnRxDone,-59,13,255,4,4
55 203 30 245 99 252 109 59 248 195 125 187 247 27 62 242
208 55 123 167 143 242 59 250 48 71 71 191 187 143 244 173
222 239 1 135 223 42 251 96 223 231 166 7 46 191 197 222
59 125 148 199 222 49 122 228 198 251 125 160 111 116 236 183
55 120 199 7 152 29 217 187 99 175 204 129 199 190 19 143
221 121 187 251 142 190 97 244 208 241 91 222 227 195 189 227
157 30 251 190 172 188 115 236 161 217 251 149 119 122 12 127
148 239 246 253 29 63 124 219 129 223 219 131 111 13 30 122
223 35 222 246 189 125 232 239 240 70 199 63 236 91 221 244
144 227 15 255 205 61 228 119 246 94 31 224 199 249 221 141
190 221 67 114 199 35 127 115 135 238 29 218 59 58 123 155
67 59 59 163 31 239 27 189 211 206 7 122 219 6 183 28
249 160 223 87 246 209 126 99 143 121 211 219 60 254 163 126
123 199 190 221 240 67 191 69 153 236 129 239 186 227 129 31
241 219 187 239 174 71 30 206 222 238 190 195 59 123 143 92
126 147 3 31 241 219 251 16 223 239 

0

Rx162,OnRxDone,-59,13,255,5,5
173 30 241 65 223 234 125 62 208 187 222 233 205 62 234 123
222 232 241 111 202 246 142 44 222 49 122 232 59 189 219 135
120 236 77 199 191 215 195 126 103 163 7 30 126 195 222 195
190 221 129 239 247 168 7 191 205 177 91 143 56 248 237 221
244 232 15 250 189 221 114 232 104 185 120 244 187 109 61 32
111 119 100 248 118 197 206 199 251 38 111 240 225 118 222 104
231 135 240 155 122 191 157 15 244 155 42 30 252 97 126 91
189 199 221 186 225 17 15 31 252 237 123 200 15 245 157 182
30 248 205 182 30 254 251 123 208 55 59 252 13 198 31 254
205 54 178 15 242 91 123 163 199 253 72 223 237 173 142 253
136 191 169 55 11 63 194 55 184 171 252 1 222 213 235 29
218 233 221 114 219 129 15 255 110 111 245 184 15 252 253 28
251 176 189 206 214 177 223 93 248 224 247 189 205 71 252 205
117 30 51 123 163 143 252 251 26 190 227 209 223 234 174 236
208 112 99 244 150 199 127 175 155 142 223 120 216 99 223 226
29 62 214 157 183 186 235 3 28 253 

0

Rx163,OnRxDone,-59,13,255,6,6
166 14 253 112 7 223 228 205 142 126 204 251 222 231 225 59
111 119 104 246 176 55 28 248 46 71 222 116 232 232 61 15
152 125 127 31 37 55 29 248 126 15 248 102 131 31 242 55
246 253 125 232 111 246 110 183 237 124 176 183 189 197 7 120
228 219 28 252 109 125 180 111 118 223 206 209 55 61 236 222
183 247 224 135 222 118 240 35 191 193 251 132 31 232 29 223
217 35 126 140 111 117 215 199 122 195 91 237 125 168 223 217
109 199 111 189 207 71 218 235 61 224 55 55 200 109 15 91
124 183 135 125 228 111 224 240 199 191 233 219 218 250 48 31
252 155 122 248 251 246 222 234 225 223 232 129 127 239 62 224
227 191 179 135 62 176 247 54 199 118 30 252 134 241 247 224
17 63 202 119 120 196 55 41 110 29 185 243 49 126 95 143
152 189 93 200 131 110 221 117 100 184 193 67 191 195 225 239
247 168 59 247 100 197 222 209 27 97 249 77 62 192 7 126
167 183 57 126 235 3 252 182 238 56 242 161 223 236 208 143
240 109 30 249 123 123 228 55 123 155 

0

Rx164,OnRxDone,-59,12,61,7,7
143 245 192 111 238 177 143 252 198 30 120 188 252 30 195 91
111 243 200 31 229 119 181 177 245 208 239 181 241 209 191 215
55 242 248 15 253 78 239 241 216 119 60 248 183 246 208 227
229 3 223 103 231 129 123 111 

0

Rx165,OnRxDone,j: 0, k: 0, l: 4 
New test. SF: 7, CR: 1, Tx Power: 3, Toa: 400 
Rx LORA Test
Start data log: 0D 0A
0

Rx166,OnRxDone,-58,12,255,0,0
x_vals =
223 208 219 81 62 54 124 179 143 246 251 43 63 118 246 221
221 246 208 15 250 45 61 252 145 239 247 118 31 237 251 188
195 135 120 240 155 60 240 29 217 193 223 218 241 197 155 62
210 183 26 188 227 224 225 35 111 216 218 120 151 15 244 158
71 127 167 225 199 253 230 222 234 1 31 248 219 59 248 33
223 234 1 111 120 228 239 238 208 193 209 59 62 206 111 236
142 199 126 224 111 237 97 191 171 15 252 219 235 28 252 136
55 236 140 191 217 195 190 203 135 249 94 111 246 216 183 29
122 203 232 224 219 245 30 112 227 253 30 122 240 251 122 208
7 44 190 85 249 1 71 239 184 239 67 252 238 202 135 22
119 30 240 157 222 233 3 28 60 252 219 248 16 31 241 187
123 208 193 199 252 238 56 118 252 219 251 72 143 255 46 30
248 81 223 111 252 205 30 121 231 157 110 59 184 252 136 27
119 28 189 245 102 15 204 93 71 127 103 143 254 168 183 220
115 199 135 188 243 125 124 156 15 250 62 195 91 89 88 222
26 254 246 30 249 33 123 217 125 111 

0

Rx167,OnRxDone,-58,12,255,1,1
151 141 62 226 155 117 14 29 188 239 216 226 206 209 223 221
99 223 244 136 123 15 250 46 27 71 222 118 252 45 7 115
195 193 197 114 249 253 122 225 163 190 79 239 232 241 59 6
31 240 134 189 219 134 31 247 190 119 58 112 235 216 71 188
237 189 30 242 13 248 64 247 222 226 240 240 1 191 181 226
195 15 127 119 217 195 115 71 103 116 244 182 222 240 222 222
99 223 84 220 40 23 111 185 231 129 111 187 229 232 222 135
248 125 189 221 241 143 249 240 223 214 120 54 186 119 203 198
193 143 248 61 61 230 199 251 22 131 111 117 219 35 63 226
125 111 52 122 240 198 13 15 255 152 223 202 99 62 110 246
6 135 222 244 128 227 223 216 131 247 178 247 123 196 94 241
200 155 30 253 155 58 118 239 232 240 59 123 236 222 227 191
203 123 125 140 157 239 238 145 31 248 14 198 223 173 243 110
135 62 246 59 29 187 51 28 134 111 247 224 239 246 144 183
220 113 252 251 60 232 3 150 223 238 17 119 222 231 33 239
185 227 163 252 189 251 112 203 247 220 

0

Rx168,OnRxDone,-58,13,255,2,2
247 145 127 99 71 110 189 223 99 127 87 31 240 129 223 199
227 30 75 113 244 29 30 247 33 111 184 237 158 67 223 230
97 63 194 119 249 198 62 206 199 254 214 14 124 236 91 222
224 17 135 139 69 222 102 124 240 200 119 250 72 223 44 219
122 204 183 251 246 126 3 254 32 253 241 254 219 236 59 249
3 242 219 251 238 30 241 163 253 30 222 237 67 190 233 155
26 253 145 124 135 227 191 157 7 252 0 223 238 205 70 143
63 252 77 194 199 62 246 119 238 17 31 242 174 187 142 127
236 111 234 192 7 239 189 81 249 99 252 222 238 8 63 214
59 222 229 177 195 247 123 208 189 222 145 239 209 121 196 239
237 35 126 151 135 189 235 232 247 10 143 229 142 239 239 67
60 240 190 15 244 59 27 190 237 166 71 221 216 120 212 91
178 114 56 186 177 183 243 54 31 237 219 141 191 211 135 59
250 109 125 152 247 124 99 131 143 188 117 104 249 166 155 142
188 233 145 239 187 233 17 223 163 19 126 164 119 189 211 209
15 252 110 135 191 91 175 188 113 228 

0

Rx169,OnRxDone,-57,13,255,3,3
77 111 119 52 131 229 226 251 61 244 91 13 30 251 94 143
249 184 223 206 209 143 120 224 183 245 224 143 248 54 247 60
248 77 119 28 252 81 126 43 189 3 111 248 40 223 225 131
124 143 27 62 226 143 241 119 239 65 239 233 60 232 187 245
222 235 248 7 221 186 231 248 131 239 185 101 227 129 123 111
53 120 240 109 131 27 195 111 243 1 222 49 254 253 125 248
111 245 54 31 224 125 111 119 199 71 248 94 143 255 237 237
61 252 93 15 253 6 119 61 252 219 148 15 46 151 111 251
214 62 218 193 55 120 228 251 248 120 127 255 142 125 179 199
124 191 199 188 225 35 126 167 111 228 131 60 60 235 188 197
193 199 222 246 81 150 191 173 99 15 126 179 114 248 200 239
113 248 45 89 248 145 126 91 239 245 192 197 247 25 125 216
71 255 78 6 31 245 145 191 181 225 187 122 143 201 240 222
61 31 226 55 214 57 254 1 191 189 131 191 175 143 247 161
191 161 15 117 235 219 227 131 124 159 7 124 135 241 209 119
123 96 70 223 229 190 199 30 204 178 

0

Rx170,OnRxDone,-60,13,255,4,4
55 203 30 245 99 252 109 59 248 195 125 187 247 27 62 242
208 55 123 167 143 242 59 250 48 71 71 191 187 143 244 173
222 239 1 135 223 42 251 96 223 231 166 7 46 191 197 222
59 125 148 199 222 49 122 228 198 251 125 160 111 116 236 183
55 120 199 7 152 29 217 187 99 175 204 129 199 190 19 143
221 121 187 251 142 190 97 244 208 241 91 222 227 195 189 227
157 30 251 190 172 188 115 236 161 217 251 149 119 122 12 127
148 239 246 253 29 63 124 219 129 223 219 131 111 13 30 122
223 35 222 246 189 125 232 239 240 70 199 63 236 91 221 244
144 227 15 255 205 61 228 119 246 94 31 224 199 249 221 141
190 221 67 114 199 35 127 115 135 238 29 218 59 58 123 155
67 59 59 163 31 239 27 189 211 206 7 122 219 6 183 28
249 160 223 87 246 209 126 99 143 121 211 219 60 254 163 126
123 199 190 221 240 67 191 69 153 236 129 239 186 227 129 31
241 219 187 239 174 71 30 206 222 238 190 195 59 123 143 92
126 147 3 31 241 219 251 16 223 239 

0

Rx171,OnRxDone,-59,13,255,5,5
173 30 241 65 223 234 125 62 208 187 222 233 205 62 234 123
222 232 241 111 202 246 142 44 222 49 122 232 59 189 219 135
120 236 77 199 191 215 195 126 103 163 7 30 126 195 222 195
190 221 129 239 247 168 7 191 205 177 91 143 56 248 237 221
244 232 15 250 189 221 114 232 104 185 120 244 187 109 61 32
111 119 100 248 118 197 206 199 251 38 111 240 225 118 222 104
231 135 240 155 122 191 157 15 244 155 42 30 252 97 126 91
189 199 221 186 225 17 15 31 252 237 123 200 15 245 157 182
30 248 205 182 30 254 251 123 208 55 59 252 13 198 31 254
205 54 178 15 242 91 123 163 199 253 72 223 237 173 142 253
136 191 169 55 11 63 194 55 184 171 252 1 222 213 235 29
218 233 221 114 219 129 15 255 110 111 245 184 15 252 253 28
251 176 189 206 214 177 223 93 248 224 247 189 205 71 252 205
117 30 51 123 163 143 252 251 26 190 227 209 223 234 174 236
208 112 99 244 150 199 127 175 155 142 223 120 216 99 223 226
29 62 214 157 183 186 235 3 28 253 

0

Rx172,OnRxDone,-60,13,255,6,6
166 14 253 112 7 223 228 205 142 126 204 251 222 231 225 59
111 119 104 246 176 55 28 248 46 71 222 116 232 232 61 15
152 125 127 31 37 55 29 248 126 15 248 102 131 31 242 55
246 253 125 232 111 246 110 183 237 124 176 183 189 197 7 120
228 219 28 252 109 125 180 111 118 223 206 209 55 61 236 222
183 247 224 135 222 118 240 35 191 193 251 132 31 232 29 223
217 35 126 140 111 117 215 199 122 195 91 237 125 168 223 217
109 199 111 189 207 71 218 235 61 224 55 55 200 109 15 91
124 183 135 125 228 111 224 240 199 191 233 219 218 250 48 31
252 155 122 248 251 246 222 234 225 223 232 129 127 239 62 224
227 191 179 135 62 176 247 54 199 118 30 252 134 241 247 224
17 63 202 119 120 196 55 41 110 29 185 243 49 126 95 143
152 189 93 200 131 110 221 117 100 184 193 67 191 195 225 239
247 168 59 247 100 197 222 209 27 97 249 77 62 192 7 126
167 183 57 126 235 3 252 182 238 56 242 161 223 236 208 143
240 109 30 249 123 123 228 55 123 155 

0

Rx173,OnRxDone,-60,13,61,7,7
143 245 192 111 238 177 143 252 198 30 120 188 252 30 195 91
111 243 200 31 229 119 181 177 245 208 239 181 241 209 191 215
55 242 248 15 253 78 239 241 216 119 60 248 183 246 208 227
229 3 223 103 231 129 123 111 

0

Rx174,OnRxDone,j: 0, k: 0, l: 5 
New test. SF: 7, CR: 1, Tx Power: 0, Toa: 400 
Rx LORA Test
Start data log: 0D 0A
0

Rx175,OnRxTimeout,NA,NA,NA,NA,NA
50

Rx176,OnRxTimeout,NA,NA,NA,NA,NA
66

Rx177,OnRxTimeout,NA,NA,NA,NA,NA
75

Rx178,OnRxTimeout,NA,NA,NA,NA,NA
80

