
New test. SF: 7, CR: 1, Tx Power: 1, Toa: 400 
Rx0,OnRxTimeout,NA,NA,NA,NA,NA
100

Rx1,OnRxDone,-102,-1,255,0,0
0AQ 223 208 219 81 62 54 124 179 143 246 251 43 63 118 246 221
0AQ 221 246 208 15 250 45 61 252 145 239 247 118 31 237 251 188
0AQ 195 135 120 240 155 60 240 29 217 193 223 218 241 197 155 62
0AQ 210 183 26 188 227 224 225 35 111 216 218 120 151 15 244 158
0AQ 71 127 167 225 199 253 230 222 234 1 31 248 219 59 248 33
0AQ 223 234 1 111 120 228 239 238 208 193 209 59 62 206 111 236
0AQ 142 199 126 224 111 237 97 191 171 15 252 219 235 28 252 136
0AQ 55 236 140 191 217 195 190 203 135 249 94 111 246 216 183 29
0AQ 122 203 232 224 219 245 30 112 227 253 30 122 240 251 122 208
0AQ 7 44 190 85 249 1 71 239 184 239 67 252 238 202 135 22
0AQ 119 30 240 157 222 233 3 28 60 252 219 248 16 31 241 187
0AQ 123 208 193 199 252 238 56 118 252 219 251 72 143 255 46 30
0AQ 248 81 223 111 252 205 30 121 231 157 110 59 184 252 136 27
0AQ 119 28 189 245 102 15 204 93 71 127 103 143 254 168 183 220
0AQ 115 199 135 188 243 125 124 156 15 250 62 195 91 89 88 222
0AQ 26 254 246 30 249 33 123 217 125 111 

50

Rx2,OnRxTimeout,NA,NA,NA,NA,NA
66

8s644:IRQ_CRC_ERROR
Rx3,OnRxDone,-105,-12,255,0,1
60

3s853:IRQ_CRC_ERROR
Rx0,OnRxDone,-105,-12,255,0,0
0AQ 223 208 219 81 62 54 124 179 143 246 251 43 63 118 246 221
0AQ 221 246 208 15 250 45 61 252 145 239 247 118 31 237 251 188
0AQ 195 135 120 240 155 60 240 29 217 193 223 218 241 197 155 62
0AQ 222 179 210 218 45 247 40 3 27 54 187 9 73 211 184 29
0AQ 9 127 114 117 30 39 41 9 127 214 101 246 181 121 251 0
0AQ 74 145 111 249 127 165 114 150 155 33 249 65 71 0 116 107
0AQ 91 181 117 58 37 240 11 83 103 144 42 211 188 191 54 130
0AQ 48 135 98 169 69 97 193 227 112 88 31 2 191 94 37 115
0AQ 141 137 74 247 51 249 135 197 90 164 76 168 7 62 132 114
0AQ 134 6 28 165 153 248 252 10 158 81 27 61 231 32 108 159
0AQ 86 136 194 18 69 85 223 35 122 16 249 128 113 224 120 238
0AQ 49 229 36 124 240 41 166 241 199 166 46 46 55 196 113 223
0AQ 18 12 26 62 45 59 152 11 217 99 163 38 73 212 97 89
0AQ 60 10 110 158 80 4 129 216 136 7 61 218 1 239 141 254
0AQ 110 111 0 190 124 16 8 65 58 248 230 240 127 0 22 163
0AQ 145 39 255 227 95 33 41 49 83 56 

50

4s520:IRQ_CRC_ERROR
Rx1,OnRxDone,50

Rx0,OnRxDone,-96,7,255,0,0
0AQ 223 208 219 81 62 54 124 179 143 246 251 43 63 118 246 221
0AQ 221 246 208 15 250 45 61 252 145 239 247 118 31 237 251 188
0AQ 195 135 120 240 155 60 240 29 217 193 223 218 241 197 155 62
0AQ 210 183 26 188 227 224 225 35 111 216 218 120 151 15 244 158
0AQ 71 127 167 225 199 253 230 222 234 1 31 248 219 59 248 33
0AQ 223 234 1 111 120 228 239 238 208 193 209 59 62 206 111 236
0AQ 142 199 126 224 111 237 97 191 171 15 252 219 235 28 252 136
0AQ 55 236 140 191 217 195 190 203 135 249 94 111 246 216 183 29
0AQ 122 203 232 224 219 245 30 112 227 253 30 122 240 251 122 208
0AQ 7 44 190 85 249 1 71 239 184 239 67 252 238 202 135 22
0AQ 119 30 240 157 222 233 3 28 60 252 219 248 16 31 241 187
0AQ 123 208 193 199 252 238 56 118 252 219 251 72 143 255 46 30
0AQ 248 81 223 111 252 205 30 121 231 157 110 59 184 252 136 27
0AQ 119 28 189 245 102 15 204 93 71 127 103 143 254 168 183 220
0AQ 115 199 135 188 243 125 124 156 15 250 62 195 91 89 88 222
0AQ 26 254 246 30 249 33 123 217 125 111 

0

Rx1,OnRxDone,-104,-2,255,1,1
0AQ 151 141 62 226 155 117 14 29 188 239 216 226 206 209 223 221
0AQ 99 223 244 136 123 15 250 46 27 71 222 118 252 45 7 115
0AQ 195 193 197 114 249 253 122 225 163 190 79 239 232 241 59 6
0AQ 31 240 134 189 219 134 31 247 190 119 58 112 235 216 71 188
0AQ 237 189 30 242 13 248 64 247 222 226 240 240 1 191 181 226
0AQ 195 15 127 119 217 195 115 71 103 116 244 182 222 240 222 222
0AQ 99 223 84 220 40 23 111 185 231 129 111 187 229 232 222 135
0AQ 248 125 189 221 241 143 249 240 223 214 120 54 186 119 203 198
0AQ 193 143 248 61 61 230 199 251 22 131 111 117 219 35 63 226
0AQ 125 111 52 122 240 198 13 15 255 152 223 202 99 62 110 246
0AQ 6 135 222 244 128 227 223 216 131 247 178 247 123 196 94 241
0AQ 200 155 30 253 155 58 118 239 232 240 59 123 236 222 227 191
0AQ 203 123 125 140 157 239 238 145 31 248 14 198 223 173 243 110
0AQ 135 62 246 59 29 187 51 28 134 111 247 224 239 246 144 183
0AQ 220 113 252 251 60 232 3 150 223 238 17 119 222 231 33 239
0AQ 185 227 163 252 189 251 112 203 247 220 

0


New test. SF: 7, CR: 1, Tx Power: 1, Toa: 400 
Rx0,OnRxDone,-104,-2,255,0,0
0AQ 223 208 219 81 62 54 124 179 143 246 251 43 63 118 246 221
0AQ 221 246 208 15 250 45 61 252 145 239 247 118 31 237 251 188
0AQ 195 135 120 240 155 60 240 29 217 193 223 218 241 197 155 62
0AQ 210 183 26 188 227 224 225 35 111 216 218 120 151 15 244 158
0AQ 71 127 167 225 199 253 230 222 234 1 31 248 219 59 248 33
0AQ 223 234 1 111 120 228 239 238 208 193 209 59 62 206 111 236
0AQ 142 199 126 224 111 237 97 191 171 15 252 219 235 28 252 136
0AQ 55 236 140 191 217 195 190 203 135 249 94 111 246 216 183 29
0AQ 122 203 232 224 219 245 30 112 227 253 30 122 240 251 122 208
0AQ 7 44 190 85 249 1 71 239 184 239 67 252 238 202 135 22
0AQ 119 30 240 157 222 233 3 28 60 252 219 248 16 31 241 187
0AQ 123 208 193 199 252 238 56 118 252 219 251 72 143 255 46 30
0AQ 248 81 223 111 252 205 30 121 231 157 110 59 184 252 136 27
0AQ 119 28 189 245 102 15 204 93 71 127 103 143 254 168 183 220
0AQ 115 199 135 188 243 125 124 156 15 250 62 195 91 89 88 222
0AQ 26 254 246 30 249 33 123 217 125 111 

0

Rx1,OnRxTimeout,NA,NA,NA,NA,NA
50

5s427:IRQ_CRC_ERROR
Rx2,OnRxDone,-104,-12,255,0,1
50

9s435:IRQ_CRC_ERROR
Rx3,OnRxDone,-105,-12,255,0,1
50

13s443:IRQ_CRC_ERROR
Rx4,OnRxDone,-105,-12,255,0,1
50

Rx5,OnRxDone,-94,8,255,1,1
0AQ 151 141 62 226 155 117 14 29 188 239 216 226 206 209 223 221
0AQ 99 223 244 136 123 15 250 46 27 71 222 118 252 45 7 115
0AQ 195 193 197 114 249 253 122 225 163 190 79 239 232 241 59 6
0AQ 31 240 134 189 219 134 31 247 190 119 58 112 235 216 71 188
0AQ 237 189 30 242 13 248 64 247 222 226 240 240 1 191 181 226
0AQ 195 15 127 119 217 195 115 71 103 116 244 182 222 240 222 222
0AQ 99 223 84 220 40 23 111 185 231 129 111 187 229 232 222 135
0AQ 248 125 189 221 241 143 249 240 223 214 120 54 186 119 203 198
0AQ 193 143 248 61 61 230 199 251 22 131 111 117 219 35 63 226
0AQ 125 111 52 122 240 198 13 15 255 152 223 202 99 62 110 246
0AQ 6 135 222 244 128 227 223 216 131 247 178 247 123 196 94 241
0AQ 200 155 30 253 155 58 118 239 232 240 59 123 236 222 227 191
0AQ 203 123 125 140 157 239 238 145 31 248 14 198 223 173 243 110
0AQ 135 62 246 59 29 187 51 28 134 111 247 224 239 246 144 183
0AQ 220 113 252 251 60 232 3 150 223 238 17 119 222 231 33 239
0AQ 185 227 163 252 189 251 112 203 247 220 

44

Rx6,OnRxDone,-96,6,255,2,2
0AQ 247 145 127 99 71 110 189 223 99 127 87 31 240 129 223 199
0AQ 227 30 75 113 244 29 30 247 33 111 184 237 158 67 223 230
0AQ 97 63 194 119 249 198 62 206 199 254 214 14 124 236 91 222
0AQ 224 17 135 139 69 222 102 124 240 200 119 250 72 223 44 219
0AQ 122 204 183 251 246 126 3 254 32 253 241 254 219 236 59 249
0AQ 3 242 219 251 238 30 241 163 253 30 222 237 67 190 233 155
0AQ 26 253 145 124 135 227 191 157 7 252 0 223 238 205 70 143
0AQ 63 252 77 194 199 62 246 119 238 17 31 242 174 187 142 127
0AQ 236 111 234 192 7 239 189 81 249 99 252 222 238 8 63 214
0AQ 59 222 229 177 195 247 123 208 189 222 145 239 209 121 196 239
0AQ 237 35 126 151 135 189 235 232 247 10 143 229 142 239 239 67
0AQ 60 240 190 15 244 59 27 190 237 166 71 221 216 120 212 91
0AQ 178 114 56 186 177 183 243 54 31 237 219 141 191 211 135 59
0AQ 250 109 125 152 247 124 99 131 143 188 117 104 249 166 155 142
0AQ 188 233 145 239 187 233 17 223 163 19 126 164 119 189 211 209
0AQ 15 252 110 135 191 91 175 188 113 228 

40

Rx7,OnRxDone,-95,7,255,3,3
0AQ 77 111 119 52 131 229 226 251 61 244 91 13 30 251 94 143
0AQ 249 184 223 206 209 143 120 224 183 245 224 143 248 54 247 60
0AQ 248 77 119 28 252 81 126 43 189 3 111 248 40 223 225 131
0AQ 124 143 27 62 226 143 241 119 239 65 239 233 60 232 187 245
0AQ 222 235 248 7 221 186 231 248 131 239 185 101 227 129 123 111
0AQ 53 120 240 109 131 27 195 111 243 1 222 49 254 253 125 248
0AQ 111 245 54 31 224 125 111 119 199 71 248 94 143 255 237 237
0AQ 61 252 93 15 253 6 119 61 252 219 148 15 46 151 111 251
0AQ 214 62 218 193 55 120 228 251 248 120 127 255 142 125 179 199
0AQ 124 191 199 188 225 35 126 167 111 228 131 60 60 235 188 197
0AQ 193 199 222 246 81 150 191 173 99 15 126 179 114 248 200 239
0AQ 113 248 45 89 248 145 126 91 239 245 192 197 247 25 125 216
0AQ 71 255 78 6 31 245 145 191 181 225 187 122 143 201 240 222
0AQ 61 31 226 55 214 57 254 1 191 189 131 191 175 143 247 161
0AQ 191 161 15 117 235 219 227 131 124 159 7 124 135 241 209 119
0AQ 123 96 70 223 229 190 199 30 204 178 

36

Rx8,OnRxDone,-91,8,255,4,4
0AQ 55 203 30 245 99 252 109 59 248 195 125 187 247 27 62 242
0AQ 208 55 123 167 143 242 59 250 48 71 71 191 187 143 244 173
0AQ 222 239 1 135 223 42 251 96 223 231 166 7 46 191 197 222
0AQ 59 125 148 199 222 49 122 228 198 251 125 160 111 116 236 183
0AQ 55 120 199 7 152 29 217 187 99 175 204 129 199 190 19 143
0AQ 221 121 187 251 142 190 97 244 208 241 91 222 227 195 189 227
0AQ 157 30 251 190 172 188 115 236 161 217 251 149 119 122 12 127
0AQ 148 239 246 253 29 63 124 219 129 223 219 131 111 13 30 122
0AQ 223 35 222 246 189 125 232 239 240 70 199 63 236 91 221 244
0AQ 144 227 15 255 205 61 228 119 246 94 31 224 199 249 221 141
0AQ 190 221 67 114 199 35 127 115 135 238 29 218 59 58 123 155
0AQ 67 59 59 163 31 239 27 189 211 206 7 122 219 6 183 28
0AQ 249 160 223 87 246 209 126 99 143 121 211 219 60 254 163 126
0AQ 123 199 190 221 240 67 191 69 153 236 129 239 186 227 129 31
0AQ 241 219 187 239 174 71 30 206 222 238 190 195 59 123 143 92
0AQ 126 147 3 31 241 219 251 16 223 239 

33

Rx9,OnRxDone,-91,10,255,5,5
0AQ 173 30 241 65 223 234 125 62 208 187 222 233 205 62 234 123
0AQ 222 232 241 111 202 246 142 44 222 49 122 232 59 189 219 135
0AQ 120 236 77 199 191 215 195 126 103 163 7 30 126 195 222 195
0AQ 190 221 129 239 247 168 7 191 205 177 91 143 56 248 237 221
0AQ 244 232 15 250 189 221 114 232 104 185 120 244 187 109 61 32
0AQ 111 119 100 248 118 197 206 199 251 38 111 240 225 118 222 104
0AQ 231 135 240 155 122 191 157 15 244 155 42 30 252 97 126 91
0AQ 189 199 221 186 225 17 15 31 252 237 123 200 15 245 157 182
0AQ 30 248 205 182 30 254 251 123 208 55 59 252 13 198 31 254
0AQ 205 54 178 15 242 91 123 163 199 253 72 223 237 173 142 253
0AQ 136 191 169 55 11 63 194 55 184 171 252 1 222 213 235 29
0AQ 218 233 221 114 219 129 15 255 110 111 245 184 15 252 253 28
0AQ 251 176 189 206 214 177 223 93 248 224 247 189 205 71 252 205
0AQ 117 30 51 123 163 143 252 251 26 190 227 209 223 234 174 236
0AQ 208 112 99 244 150 199 127 175 155 142 223 120 216 99 223 226
0AQ 29 62 214 157 183 186 235 3 28 253 

30

Rx10,OnRxDone,-92,9,255,6,6
0AQ 166 14 253 112 7 223 228 205 142 126 204 251 222 231 225 59
0AQ 111 119 104 246 176 55 28 248 46 71 222 116 232 232 61 15
0AQ 152 125 127 31 37 55 29 248 126 15 248 102 131 31 242 55
0AQ 246 253 125 232 111 246 110 183 237 124 176 183 189 197 7 120
0AQ 228 219 28 252 109 125 180 111 118 223 206 209 55 61 236 222
0AQ 183 247 224 135 222 118 240 35 191 193 251 132 31 232 29 223
0AQ 217 35 126 140 111 117 215 199 122 195 91 237 125 168 223 217
0AQ 109 199 111 189 207 71 218 235 61 224 55 55 200 109 15 91
0AQ 124 183 135 125 228 111 224 240 199 191 233 219 218 250 48 31
0AQ 252 155 122 248 251 246 222 234 225 223 232 129 127 239 62 224
0AQ 227 191 179 135 62 176 247 54 199 118 30 252 134 241 247 224
0AQ 17 63 202 119 120 196 55 41 110 29 185 243 49 126 95 143
0AQ 152 189 93 200 131 110 221 117 100 184 193 67 191 195 225 239
0AQ 247 168 59 247 100 197 222 209 27 97 249 77 62 192 7 126
0AQ 167 183 57 126 235 3 252 182 238 56 242 161 223 236 208 143
0AQ 240 109 30 249 123 123 228 55 123 155 

28

Rx11,OnRxDone,-94,8,61,7,7
0AQ 143 245 192 111 238 177 143 252 198 30 120 188 252 30 195 91
0AQ 111 243 200 31 229 119 181 177 245 208 239 181 241 209 191 215
0AQ 55 242 248 15 253 78 239 241 216 119 60 248 183 246 208 227
0AQ 229 3 223 103 231 129 123 111 

26

Rx12,OnRxDone,
New test. SF: 8, CR: 1, Tx Power: 1, Toa: 708 
0

Rx13,OnRxDone,-101,0,255,0,0
0AQ 223 208 219 81 62 54 124 179 143 246 251 43 63 118 246 221
0AQ 221 246 208 15 250 45 61 252 145 239 247 118 31 237 251 188
0AQ 195 135 120 240 155 60 240 29 217 193 223 218 241 197 155 62
0AQ 210 183 26 188 227 224 225 35 111 216 218 120 151 15 244 158
0AQ 71 127 167 225 199 253 230 222 234 1 31 248 219 59 248 33
0AQ 223 234 1 111 120 228 239 238 208 193 209 59 62 206 111 236
0AQ 142 199 126 224 111 237 97 191 171 15 252 219 235 28 252 136
0AQ 55 236 140 191 217 195 190 203 135 249 94 111 246 216 183 29
0AQ 122 203 232 224 219 245 30 112 227 253 30 122 240 251 122 208
0AQ 7 44 190 85 249 1 71 239 184 239 67 252 238 202 135 22
0AQ 119 30 240 157 222 233 3 28 60 252 219 248 16 31 241 187
0AQ 123 208 193 199 252 238 56 118 252 219 251 72 143 255 46 30
0AQ 248 81 223 111 252 205 30 121 231 157 110 59 184 252 136 27
0AQ 119 28 189 245 102 15 204 93 71 127 103 143 254 168 183 220
0AQ 115 199 135 188 243 125 124 156 15 250 62 195 91 89 88 222
0AQ 26 254 246 30 249 33 123 217 125 111 

0

Rx14,OnRxTimeout,NA,NA,NA,NA,NA
33

23s848:IRQ_CRC_ERROR
Rx15,OnRxDone,-105,-15,255,0,1
40

27s856:IRQ_CRC_ERROR
Rx16,OnRxDone,-105,-15,255,0,1
42

31s864:IRQ_CRC_ERROR
Rx17,OnRxDone,-105,-14,255,0,1
44

35s872:IRQ_CRC_ERROR
Rx18,OnRxDone,-105,-14,255,0,1
45

39s879:IRQ_CRC_ERROR
Rx19,OnRxDone,-104,-15,255,0,1
46

43s887:IRQ_CRC_ERROR
Rx20,OnRxDone,-105,-15,255,0,1
46

47s895:IRQ_CRC_ERROR
Rx21,OnRxDone,-104,-14,255,0,1
47

51s903:IRQ_CRC_ERROR
Rx22,OnRxDone,-105,-14,255,0,1
47

55s911:IRQ_CRC_ERROR
Rx23,OnRxDone,-107,-15,255,0,1
47

59s918:IRQ_CRC_ERROR
Rx24,OnRxDone,-105,-15,255,0,1
47

Rx25,OnRxDone,-96,7,255,1,1
0AQ 151 141 62 226 155 117 14 29 188 239 216 226 206 209 223 221
0AQ 99 223 244 136 123 15 250 46 27 71 222 118 252 45 7 115
0AQ 195 193 197 114 249 253 122 225 163 190 79 239 232 241 59 6
0AQ 31 240 134 189 219 134 31 247 190 119 58 112 235 216 71 188
0AQ 237 189 30 242 13 248 64 247 222 226 240 240 1 191 181 226
0AQ 195 15 127 119 217 195 115 71 103 116 244 182 222 240 222 222
0AQ 99 223 84 220 40 23 111 185 231 129 111 187 229 232 222 135
0AQ 248 125 189 221 241 143 249 240 223 214 120 54 186 119 203 198
0AQ 193 143 248 61 61 230 199 251 22 131 111 117 219 35 63 226
0AQ 125 111 52 122 240 198 13 15 255 152 223 202 99 62 110 246
0AQ 6 135 222 244 128 227 223 216 131 247 178 247 123 196 94 241
0AQ 200 155 30 253 155 58 118 239 232 240 59 123 236 222 227 191
0AQ 203 123 125 140 157 239 238 145 31 248 14 198 223 173 243 110
0AQ 135 62 246 59 29 187 51 28 134 111 247 224 239 246 144 183
0AQ 220 113 252 251 60 232 3 150 223 238 17 119 222 231 33 239
0AQ 185 227 163 252 189 251 112 203 247 220 

45

Rx26,OnRxDone,-96,7,255,2,2
0AQ 247 145 127 99 71 110 189 223 99 127 87 31 240 129 223 199
0AQ 227 30 75 113 244 29 30 247 33 111 184 237 158 67 223 230
0AQ 97 63 194 119 249 198 62 206 199 254 214 14 124 236 91 222
0AQ 224 17 135 139 69 222 102 124 240 200 119 250 72 223 44 219
0AQ 122 204 183 251 246 126 3 254 32 253 241 254 219 236 59 249
0AQ 3 242 219 251 238 30 241 163 253 30 222 237 67 190 233 155
0AQ 26 253 145 124 135 227 191 157 7 252 0 223 238 205 70 143
0AQ 63 252 77 194 199 62 246 119 238 17 31 242 174 187 142 127
0AQ 236 111 234 192 7 239 189 81 249 99 252 222 238 8 63 214
0AQ 59 222 229 177 195 247 123 208 189 222 145 239 209 121 196 239
0AQ 237 35 126 151 135 189 235 232 247 10 143 229 142 239 239 67
0AQ 60 240 190 15 244 59 27 190 237 166 71 221 216 120 212 91
0AQ 178 114 56 186 177 183 243 54 31 237 219 141 191 211 135 59
0AQ 250 109 125 152 247 124 99 131 143 188 117 104 249 166 155 142
0AQ 188 233 145 239 187 233 17 223 163 19 126 164 119 189 211 209
0AQ 15 252 110 135 191 91 175 188 113 228 

44

Rx27,OnRxDone,-96,7,255,3,3
0AQ 77 111 119 52 131 229 226 251 61 244 91 13 30 251 94 143
0AQ 249 184 223 206 209 143 120 224 183 245 224 143 248 54 247 60
0AQ 248 77 119 28 252 81 126 43 189 3 111 248 40 223 225 131
0AQ 124 143 27 62 226 143 241 119 239 65 239 233 60 232 187 245
0AQ 222 235 248 7 221 186 231 248 131 239 185 101 227 129 123 111
0AQ 53 120 240 109 131 27 195 111 243 1 222 49 254 253 125 248
0AQ 111 245 54 31 224 125 111 119 199 71 248 94 143 255 237 237
0AQ 61 252 93 15 253 6 119 61 252 219 148 15 46 151 111 251
0AQ 214 62 218 193 55 120 228 251 248 120 127 255 142 125 179 199
0AQ 124 191 199 188 225 35 126 167 111 228 131 60 60 235 188 197
0AQ 193 199 222 246 81 150 191 173 99 15 126 179 114 248 200 239
0AQ 113 248 45 89 248 145 126 91 239 245 192 197 247 25 125 216
0AQ 71 255 78 6 31 245 145 191 181 225 187 122 143 201 240 222
0AQ 61 31 226 55 214 57 254 1 191 189 131 191 175 143 247 161
0AQ 191 161 15 117 235 219 227 131 124 159 7 124 135 241 209 119
0AQ 123 96 70 223 229 190 199 30 204 178 

42

Rx28,OnRxDone,-97,7,255,4,4
0AQ 55 203 30 245 99 252 109 59 248 195 125 187 247 27 62 242
0AQ 208 55 123 167 143 242 59 250 48 71 71 191 187 143 244 173
0AQ 222 239 1 135 223 42 251 96 223 231 166 7 46 191 197 222
0AQ 59 125 148 199 222 49 122 228 198 251 125 160 111 116 236 183
0AQ 55 120 199 7 152 29 217 187 99 175 204 129 199 190 19 143
0AQ 221 121 187 251 142 190 97 244 208 241 91 222 227 195 189 227
0AQ 157 30 251 190 172 188 115 236 161 217 251 149 119 122 12 127
0AQ 148 239 246 253 29 63 124 219 129 223 219 131 111 13 30 122
0AQ 223 35 222 246 189 125 232 239 240 70 199 63 236 91 221 244
0AQ 144 227 15 255 205 61 228 119 246 94 31 224 199 249 221 141
0AQ 190 221 67 114 199 35 127 115 135 238 29 218 59 58 123 155
0AQ 67 59 59 163 31 239 27 189 211 206 7 122 219 6 183 28
0AQ 249 160 223 87 246 209 126 99 143 121 211 219 60 254 163 126
0AQ 123 199 190 221 240 67 191 69 153 236 129 239 186 227 129 31
0AQ 241 219 187 239 174 71 30 206 222 238 190 195 59 123 143 92
0AQ 126 147 3 31 241 219 251 16 223 239 

40

Rx29,OnRxDone,-98,6,255,5,5
0AQ 173 30 241 65 223 234 125 62 208 187 222 233 205 62 234 123
0AQ 222 232 241 111 202 246 142 44 222 49 122 232 59 189 219 135
0AQ 120 236 77 199 191 215 195 126 103 163 7 30 126 195 222 195
0AQ 190 221 129 239 247 168 7 191 205 177 91 143 56 248 237 221
0AQ 244 232 15 250 189 221 114 232 104 185 120 244 187 109 61 32
0AQ 111 119 100 248 118 197 206 199 251 38 111 240 225 118 222 104
0AQ 231 135 240 155 122 191 157 15 244 155 42 30 252 97 126 91
0AQ 189 199 221 186 225 17 15 31 252 237 123 200 15 245 157 182
0AQ 30 248 205 182 30 254 251 123 208 55 59 252 13 198 31 254
0AQ 205 54 178 15 242 91 123 163 199 253 72 223 237 173 142 253
0AQ 136 191 169 55 11 63 194 55 184 171 252 1 222 213 235 29
0AQ 218 233 221 114 219 129 15 255 110 111 245 184 15 252 253 28
0AQ 251 176 189 206 214 177 223 93 248 224 247 189 205 71 252 205
0AQ 117 30 51 123 163 143 252 251 26 190 227 209 223 234 174 236
0AQ 208 112 99 244 150 199 127 175 155 142 223 120 216 99 223 226
0AQ 29 62 214 157 183 186 235 3 28 253 

39

Rx30,OnRxDone,-102,1,255,6,6
0AQ 166 14 253 112 7 223 228 205 142 126 204 251 222 231 225 59
0AQ 111 119 104 246 176 55 28 248 46 71 222 116 232 232 61 15
0AQ 152 125 127 31 37 55 29 248 126 15 248 102 131 31 242 55
0AQ 246 253 125 232 111 246 110 183 237 124 176 183 189 197 7 120
0AQ 228 219 28 252 109 125 180 111 118 223 206 209 55 61 236 222
0AQ 183 247 224 135 222 118 240 35 191 193 251 132 31 232 29 223
0AQ 217 35 126 140 111 117 215 199 122 195 91 237 125 168 223 217
0AQ 109 199 111 189 207 71 218 235 61 224 55 55 200 109 15 91
0AQ 124 183 135 125 228 111 224 240 199 191 233 219 218 250 48 31
0AQ 252 155 122 248 251 246 222 234 225 223 232 129 127 239 62 224
0AQ 227 191 179 135 62 176 247 54 199 118 30 252 134 241 247 224
0AQ 17 63 202 119 120 196 55 41 110 29 185 243 49 126 95 143
0AQ 152 189 93 200 131 110 221 117 100 184 193 67 191 195 225 239
0AQ 247 168 59 247 100 197 222 209 27 97 249 77 62 192 7 126
0AQ 167 183 57 126 235 3 252 182 238 56 242 161 223 236 208 143
0AQ 240 109 30 249 123 123 228 55 123 155 

37

Rx31,OnRxTimeout,NA,NA,NA,NA,NA
40

70s494:IRQ_CRC_ERROR
Rx32,OnRxDone,-106,-15,255,6,7
40

Rx33,OnRxDone,-99,5,61,7,7
0AQ 143 245 192 111 238 177 143 252 198 30 120 188 252 30 195 91
0AQ 111 243 200 31 229 119 181 177 245 208 239 181 241 209 191 215
0AQ 55 242 248 15 253 78 239 241 216 119 60 248 183 246 208 227
0AQ 229 3 223 103 231 129 123 111 

39

Rx34,OnRxDone,
New test. SF: 10, CR: 1, Tx Power: 1, Toa: 617 
0

Rx35,OnRxDone,-99,4,50,0,0
0AQ 223 208 219 81 62 54 124 179 143 246 251 43 63 118 246 221
0AQ 221 246 208 15 250 45 61 252 145 239 247 118 31 237 251 188
0AQ 195 135 120 240 155 60 240 29 217 193 223 218 241 

0

Rx36,OnRxDone,-102,2,50,1,1
0AQ 197 155 62 210 183 26 188 227 224 225 35 111 216 218 120 151
0AQ 15 244 158 71 127 167 225 199 253 230 222 234 1 31 248 219
0AQ 59 248 33 223 234 1 111 120 228 239 238 208 193 

0

Rx37,OnRxDone,-99,4,50,2,2
0AQ 209 59 62 206 111 236 142 199 126 224 111 237 97 191 171 15
0AQ 252 219 235 28 252 136 55 236 140 191 217 195 190 203 135 249
0AQ 94 111 246 216 183 29 122 203 232 224 219 245 30 

0

Rx38,OnRxDone,-101,2,50,3,3
0AQ 112 227 253 30 122 240 251 122 208 7 44 190 85 249 1 71
0AQ 239 184 239 67 252 238 202 135 22 119 30 240 157 222 233 3
0AQ 28 60 252 219 248 16 31 241 187 123 208 193 199 

0

Rx39,OnRxDone,-102,1,50,4,4
0AQ 252 238 56 118 252 219 251 72 143 255 46 30 248 81 223 111
0AQ 252 205 30 121 231 157 110 59 184 252 136 27 119 28 189 245
0AQ 102 15 204 93 71 127 103 143 254 168 183 220 115 

0

Rx40,OnRxDone,-103,0,50,5,5
0AQ 199 135 188 243 125 124 156 15 250 62 195 91 89 88 222 26
0AQ 254 246 30 249 33 123 217 125 111 151 141 62 226 155 117 14
0AQ 29 188 239 216 226 206 209 223 221 99 223 244 136 

0

Rx41,OnRxDone,-104,-3,50,6,6
0AQ 123 15 250 46 27 71 222 118 252 45 7 115 195 193 197 114
0AQ 249 253 122 225 163 190 79 239 232 241 59 6 31 240 134 189
0AQ 219 134 31 247 190 119 58 112 235 216 71 188 237 

0

Rx42,OnRxDone,-103,-2,50,7,7
0AQ 189 30 242 13 248 64 247 222 226 240 240 1 191 181 226 195
0AQ 15 127 119 217 195 115 71 103 116 244 182 222 240 222 222 99
0AQ 223 84 220 40 23 111 185 231 129 111 187 229 232 

0

Rx43,OnRxDone,-103,-2,50,8,8
0AQ 222 135 248 125 189 221 241 143 249 240 223 214 120 54 186 119
0AQ 203 198 193 143 248 61 61 230 199 251 22 131 111 117 219 35
0AQ 63 226 125 111 52 122 240 198 13 15 255 152 223 

0

Rx44,OnRxDone,-103,-2,50,9,9
0AQ 202 99 62 110 246 6 135 222 244 128 227 223 216 131 247 178
0AQ 247 123 196 94 241 200 155 30 253 155 58 118 239 232 240 59
0AQ 123 236 222 227 191 203 123 125 140 157 239 238 145 

0

Rx45,OnRxDone,-103,-3,50,10,10
0AQ 31 248 14 198 223 173 243 110 135 62 246 59 29 187 51 28
0AQ 134 111 247 224 239 246 144 183 220 113 252 251 60 232 3 150
0AQ 223 238 17 119 222 231 33 239 185 227 163 252 189 

0

86s907:HDR KO
Rx46,OnRxTimeout,NA,NA,NA,NA,NA
7

Rx47,OnRxTimeout,NA,NA,NA,NA,NA
14

90s914:HDR KO
Rx48,OnRxTimeout,NA,NA,NA,NA,NA
20

Rx49,OnRxTimeout,NA,NA,NA,NA,NA
25

94s920:HDR KO
Rx50,OnRxTimeout,NA,NA,NA,NA,NA
29

Rx51,OnRxTimeout,NA,NA,NA,NA,NA
33

98s927:HDR KO
Rx52,OnRxTimeout,NA,NA,NA,NA,NA
36

Rx53,OnRxTimeout,NA,NA,NA,NA,NA
40

102s934:HDR KO
Rx54,OnRxTimeout,NA,NA,NA,NA,NA
42

Rx55,OnRxTimeout,NA,NA,NA,NA,NA
45

106s941:HDR KO
Rx56,OnRxTimeout,NA,NA,NA,NA,NA
47

Rx57,OnRxTimeout,NA,NA,NA,NA,NA
50

110s948:HDR KO
Rx58,OnRxTimeout,NA,NA,NA,NA,NA
52

Rx59,OnRxTimeout,NA,NA,NA,NA,NA
53

114s955:HDR KO
Rx60,OnRxTimeout,NA,NA,NA,NA,NA
55

Rx61,OnRxTimeout,NA,NA,NA,NA,NA
57

118s961:HDR KO
Rx62,OnRxTimeout,NA,NA,NA,NA,NA
58

Rx63,OnRxTimeout,NA,NA,NA,NA,NA
60

122s968:HDR KO
Rx64,OnRxTimeout,NA,NA,NA,NA,NA
61

Rx65,OnRxTimeout,NA,NA,NA,NA,NA
62

126s975:HDR KO
Rx66,OnRxTimeout,NA,NA,NA,NA,NA
63

Rx67,OnRxTimeout,NA,NA,NA,NA,NA
64

130s982:HDR KO
Rx68,OnRxTimeout,NA,NA,NA,NA,NA
65

Rx69,OnRxTimeout,NA,NA,NA,NA,NA
66

134s989:HDR KO
Rx70,OnRxTimeout,NA,NA,NA,NA,NA
67


New test. SF: 7, CR: 1, Tx Power: 1, Toa: 400 
Rx0,OnRxDone,-96,8,255,0,0
0AQ 223 208 219 81 62 54 124 179 143 246 251 43 63 118 246 221
0AQ 221 246 208 15 250 45 61 252 145 239 247 118 31 237 251 188
0AQ 195 135 120 240 155 60 240 29 217 193 223 218 241 197 155 62
0AQ 210 183 26 188 227 224 225 35 111 216 218 120 151 15 244 158
0AQ 71 127 167 225 199 253 230 222 234 1 31 248 219 59 248 33
0AQ 223 234 1 111 120 228 239 238 208 193 209 59 62 206 111 236
0AQ 142 199 126 224 111 237 97 191 171 15 252 219 235 28 252 136
0AQ 55 236 140 191 217 195 190 203 135 249 94 111 246 216 183 29
0AQ 122 203 232 224 219 245 30 112 227 253 30 122 240 251 122 208
0AQ 7 44 190 85 249 1 71 239 184 239 67 252 238 202 135 22
0AQ 119 30 240 157 222 233 3 28 60 252 219 248 16 31 241 187
0AQ 123 208 193 199 252 238 56 118 252 219 251 72 143 255 46 30
0AQ 248 81 223 111 252 205 30 121 231 157 110 59 184 252 136 27
0AQ 119 28 189 245 102 15 204 93 71 127 103 143 254 168 183 220
0AQ 115 199 135 188 243 125 124 156 15 250 62 195 91 89 88 222
0AQ 26 254 246 30 249 33 123 217 125 111 

0

Rx1,OnRxDone,-95,8,255,1,1
0AQ 151 141 62 226 155 117 14 29 188 239 216 226 206 209 223 221
0AQ 99 223 244 136 123 15 250 46 27 71 222 118 252 45 7 115
0AQ 195 193 197 114 249 253 122 225 163 190 79 239 232 241 59 6
0AQ 31 240 134 189 219 134 31 247 190 119 58 112 235 216 71 188
0AQ 237 189 30 242 13 248 64 247 222 226 240 240 1 191 181 226
0AQ 195 15 127 119 217 195 115 71 103 116 244 182 222 240 222 222
0AQ 99 223 84 220 40 23 111 185 231 129 111 187 229 232 222 135
0AQ 248 125 189 221 241 143 249 240 223 214 120 54 186 119 203 198
0AQ 193 143 248 61 61 230 199 251 22 131 111 117 219 35 63 226
0AQ 125 111 52 122 240 198 13 15 255 152 223 202 99 62 110 246
0AQ 6 135 222 244 128 227 223 216 131 247 178 247 123 196 94 241
0AQ 200 155 30 253 155 58 118 239 232 240 59 123 236 222 227 191
0AQ 203 123 125 140 157 239 238 145 31 248 14 198 223 173 243 110
0AQ 135 62 246 59 29 187 51 28 134 111 247 224 239 246 144 183
0AQ 220 113 252 251 60 232 3 150 223 238 17 119 222 231 33 239
0AQ 185 227 163 252 189 251 112 203 247 220 

0

Rx2,OnRxDone,-97,7,255,2,2
0AQ 247 145 127 99 71 110 189 223 99 127 87 31 240 129 223 199
0AQ 227 30 75 113 244 29 30 247 33 111 184 237 158 67 223 230
0AQ 97 63 194 119 249 198 62 206 199 254 214 14 124 236 91 222
0AQ 224 17 135 139 69 222 102 124 240 200 119 250 72 223 44 219
0AQ 122 204 183 251 246 126 3 254 32 253 241 254 219 236 59 249
0AQ 3 242 219 251 238 30 241 163 253 30 222 237 67 190 233 155
0AQ 26 253 145 124 135 227 191 157 7 252 0 223 238 205 70 143
0AQ 63 252 77 194 199 62 246 119 238 17 31 242 174 187 142 127
0AQ 236 111 234 192 7 239 189 81 249 99 252 222 238 8 63 214
0AQ 59 222 229 177 195 247 123 208 189 222 145 239 209 121 196 239
0AQ 237 35 126 151 135 189 235 232 247 10 143 229 142 239 239 67
0AQ 60 240 190 15 244 59 27 190 237 166 71 221 216 120 212 91
0AQ 178 114 56 186 177 183 243 54 31 237 219 141 191 211 135 59
0AQ 250 109 125 152 247 124 99 131 143 188 117 104 249 166 155 142
0AQ 188 233 145 239 187 233 17 223 163 19 126 164 119 189 211 209
0AQ 15 252 110 135 191 91 175 188 113 228 

0

Rx3,OnRxDone,-96,7,255,3,3
0AQ 77 111 119 52 131 229 226 251 61 244 91 13 30 251 94 143
0AQ 249 184 223 206 209 143 120 224 183 245 224 143 248 54 247 60
0AQ 248 77 119 28 252 81 126 43 189 3 111 248 40 223 225 131
0AQ 124 143 27 62 226 143 241 119 239 65 239 233 60 232 187 245
0AQ 222 235 248 7 221 186 231 248 131 239 185 101 227 129 123 111
0AQ 53 120 240 109 131 27 195 111 243 1 222 49 254 253 125 248
0AQ 111 245 54 31 224 125 111 119 199 71 248 94 143 255 237 237
0AQ 61 252 93 15 253 6 119 61 252 219 148 15 46 151 111 251
0AQ 214 62 218 193 55 120 228 251 248 120 127 255 142 125 179 199
0AQ 124 191 199 188 225 35 126 167 111 228 131 60 60 235 188 197
0AQ 193 199 222 246 81 150 191 173 99 15 126 179 114 248 200 239
0AQ 113 248 45 89 248 145 126 91 239 245 192 197 247 25 125 216
0AQ 71 255 78 6 31 245 145 191 181 225 187 122 143 201 240 222
0AQ 61 31 226 55 214 57 254 1 191 189 131 191 175 143 247 161
0AQ 191 161 15 117 235 219 227 131 124 159 7 124 135 241 209 119
0AQ 123 96 70 223 229 190 199 30 204 178 

0

Rx4,OnRxDone,-95,9,255,4,4
0AQ 55 203 30 245 99 252 109 59 248 195 125 187 247 27 62 242
0AQ 208 55 123 167 143 242 59 250 48 71 71 191 187 143 244 173
0AQ 222 239 1 135 223 42 251 96 223 231 166 7 46 191 197 222
0AQ 59 125 148 199 222 49 122 228 198 251 125 160 111 116 236 183
0AQ 55 120 199 7 152 29 217 187 99 175 204 129 199 190 19 143
0AQ 221 121 187 251 142 190 97 244 208 241 91 222 227 195 189 227
0AQ 157 30 251 190 172 188 115 236 161 217 251 149 119 122 12 127
0AQ 148 239 246 253 29 63 124 219 129 223 219 131 111 13 30 122
0AQ 223 35 222 246 189 125 232 239 240 70 199 63 236 91 221 244
0AQ 144 227 15 255 205 61 228 119 246 94 31 224 199 249 221 141
0AQ 190 221 67 114 199 35 127 115 135 238 29 218 59 58 123 155
0AQ 67 59 59 163 31 239 27 189 211 206 7 122 219 6 183 28
0AQ 249 160 223 87 246 209 126 99 143 121 211 219 60 254 163 126
0AQ 123 199 190 221 240 67 191 69 153 236 129 239 186 227 129 31
0AQ 241 219 187 239 174 71 30 206 222 238 190 195 59 123 143 92
0AQ 126 147 3 31 241 219 251 16 223 239 

0

Rx5,OnRxDone,-97,7,255,5,5
0AQ 173 30 241 65 223 234 125 62 208 187 222 233 205 62 234 123
0AQ 222 232 241 111 202 246 142 44 222 49 122 232 59 189 219 135
0AQ 120 236 77 199 191 215 195 126 103 163 7 30 126 195 222 195
0AQ 190 221 129 239 247 168 7 191 205 177 91 143 56 248 237 221
0AQ 244 232 15 250 189 221 114 232 104 185 120 244 187 109 61 32
0AQ 111 119 100 248 118 197 206 199 251 38 111 240 225 118 222 104
0AQ 231 135 240 155 122 191 157 15 244 155 42 30 252 97 126 91
0AQ 189 199 221 186 225 17 15 31 252 237 123 200 15 245 157 182
0AQ 30 248 205 182 30 254 251 123 208 55 59 252 13 198 31 254
0AQ 205 54 178 15 242 91 123 163 199 253 72 223 237 173 142 253
0AQ 136 191 169 55 11 63 194 55 184 171 252 1 222 213 235 29
0AQ 218 233 221 114 219 129 15 255 110 111 245 184 15 252 253 28
0AQ 251 176 189 206 214 177 223 93 248 224 247 189 205 71 252 205
0AQ 117 30 51 123 163 143 252 251 26 190 227 209 223 234 174 236
0AQ 208 112 99 244 150 199 127 175 155 142 223 120 216 99 223 226
0AQ 29 62 214 157 183 186 235 3 28 253 

0

Rx6,OnRxDone,-94,9,255,6,6
0AQ 166 14 253 112 7 223 228 205 142 126 204 251 222 231 225 59
0AQ 111 119 104 246 176 55 28 248 46 71 222 116 232 232 61 15
0AQ 152 125 127 31 37 55 29 248 126 15 248 102 131 31 242 55
0AQ 246 253 125 232 111 246 110 183 237 124 176 183 189 197 7 120
0AQ 228 219 28 252 109 125 180 111 118 223 206 209 55 61 236 222
0AQ 183 247 224 135 222 118 240 35 191 193 251 132 31 232 29 223
0AQ 217 35 126 140 111 117 215 199 122 195 91 237 125 168 223 217
0AQ 109 199 111 189 207 71 218 235 61 224 55 55 200 109 15 91
0AQ 124 183 135 125 228 111 224 240 199 191 233 219 218 250 48 31
0AQ 252 155 122 248 251 246 222 234 225 223 232 129 127 239 62 224
0AQ 227 191 179 135 62 176 247 54 199 118 30 252 134 241 247 224
0AQ 17 63 202 119 120 196 55 41 110 29 185 243 49 126 95 143
0AQ 152 189 93 200 131 110 221 117 100 184 193 67 191 195 225 239
0AQ 247 168 59 247 100 197 222 209 27 97 249 77 62 192 7 126
0AQ 167 183 57 126 235 3 252 182 238 56 242 161 223 236 208 143
0AQ 240 109 30 249 123 123 228 55 123 155 

0

Rx7,OnRxDone,-96,8,61,7,7
0AQ 143 245 192 111 238 177 143 252 198 30 120 188 252 30 195 91
0AQ 111 243 200 31 229 119 181 177 245 208 239 181 241 209 191 215
0AQ 55 242 248 15 253 78 239 241 216 119 60 248 183 246 208 227
0AQ 229 3 223 103 231 129 123 111 

0

Rx8,OnRxDone,
New test. SF: 8, CR: 1, Tx Power: 1, Toa: 708 
0

Rx9,OnRxDone,-96,8,255,0,0
0AQ 223 208 219 81 62 54 124 179 143 246 251 43 63 118 246 221
0AQ 221 246 208 15 250 45 61 252 145 239 247 118 31 237 251 188
0AQ 195 135 120 240 155 60 240 29 217 193 223 218 241 197 155 62
0AQ 210 183 26 188 227 224 225 35 111 216 218 120 151 15 244 158
0AQ 71 127 167 225 199 253 230 222 234 1 31 248 219 59 248 33
0AQ 223 234 1 111 120 228 239 238 208 193 209 59 62 206 111 236
0AQ 142 199 126 224 111 237 97 191 171 15 252 219 235 28 252 136
0AQ 55 236 140 191 217 195 190 203 135 249 94 111 246 216 183 29
0AQ 122 203 232 224 219 245 30 112 227 253 30 122 240 251 122 208
0AQ 7 44 190 85 249 1 71 239 184 239 67 252 238 202 135 22
0AQ 119 30 240 157 222 233 3 28 60 252 219 248 16 31 241 187
0AQ 123 208 193 199 252 238 56 118 252 219 251 72 143 255 46 30
0AQ 248 81 223 111 252 205 30 121 231 157 110 59 184 252 136 27
0AQ 119 28 189 245 102 15 204 93 71 127 103 143 254 168 183 220
0AQ 115 199 135 188 243 125 124 156 15 250 62 195 91 89 88 222
0AQ 26 254 246 30 249 33 123 217 125 111 

0

Rx10,OnRxDone,-95,8,255,1,1
0AQ 151 141 62 226 155 117 14 29 188 239 216 226 206 209 223 221
0AQ 99 223 244 136 123 15 250 46 27 71 222 118 252 45 7 115
0AQ 195 193 197 114 249 253 122 225 163 190 79 239 232 241 59 6
0AQ 31 240 134 189 219 134 31 247 190 119 58 112 235 216 71 188
0AQ 237 189 30 242 13 248 64 247 222 226 240 240 1 191 181 226
0AQ 195 15 127 119 217 195 115 71 103 116 244 182 222 240 222 222
0AQ 99 223 84 220 40 23 111 185 231 129 111 187 229 232 222 135
0AQ 248 125 189 221 241 143 249 240 223 214 120 54 186 119 203 198
0AQ 193 143 248 61 61 230 199 251 22 131 111 117 219 35 63 226
0AQ 125 111 52 122 240 198 13 15 255 152 223 202 99 62 110 246
0AQ 6 135 222 244 128 227 223 216 131 247 178 247 123 196 94 241
0AQ 200 155 30 253 155 58 118 239 232 240 59 123 236 222 227 191
0AQ 203 123 125 140 157 239 238 145 31 248 14 198 223 173 243 110
0AQ 135 62 246 59 29 187 51 28 134 111 247 224 239 246 144 183
0AQ 220 113 252 251 60 232 3 150 223 238 17 119 222 231 33 239
0AQ 185 227 163 252 189 251 112 203 247 220 

0

Rx11,OnRxDone,-95,9,255,2,2
0AQ 247 145 127 99 71 110 189 223 99 127 87 31 240 129 223 199
0AQ 227 30 75 113 244 29 30 247 33 111 184 237 158 67 223 230
0AQ 97 63 194 119 249 198 62 206 199 254 214 14 124 236 91 222
0AQ 224 17 135 139 69 222 102 124 240 200 119 250 72 223 44 219
0AQ 122 204 183 251 246 126 3 254 32 253 241 254 219 236 59 249
0AQ 3 242 219 251 238 30 241 163 253 30 222 237 67 190 233 155
0AQ 26 253 145 124 135 227 191 157 7 252 0 223 238 205 70 143
0AQ 63 252 77 194 199 62 246 119 238 17 31 242 174 187 142 127
0AQ 236 111 234 192 7 239 189 81 249 99 252 222 238 8 63 214
0AQ 59 222 229 177 195 247 123 208 189 222 145 239 209 121 196 239
0AQ 237 35 126 151 135 189 235 232 247 10 143 229 142 239 239 67
0AQ 60 240 190 15 244 59 27 190 237 166 71 221 216 120 212 91
0AQ 178 114 56 186 177 183 243 54 31 237 219 141 191 211 135 59
0AQ 250 109 125 152 247 124 99 131 143 188 117 104 249 166 155 142
0AQ 188 233 145 239 187 233 17 223 163 19 126 164 119 189 211 209
0AQ 15 252 110 135 191 91 175 188 113 228 

0

Rx12,OnRxDone,-95,8,255,3,3
0AQ 77 111 119 52 131 229 226 251 61 244 91 13 30 251 94 143
0AQ 249 184 223 206 209 143 120 224 183 245 224 143 248 54 247 60
0AQ 248 77 119 28 252 81 126 43 189 3 111 248 40 223 225 131
0AQ 124 143 27 62 226 143 241 119 239 65 239 233 60 232 187 245
0AQ 222 235 248 7 221 186 231 248 131 239 185 101 227 129 123 111
0AQ 53 120 240 109 131 27 195 111 243 1 222 49 254 253 125 248
0AQ 111 245 54 31 224 125 111 119 199 71 248 94 143 255 237 237
0AQ 61 252 93 15 253 6 119 61 252 219 148 15 46 151 111 251
0AQ 214 62 218 193 55 120 228 251 248 120 127 255 142 125 179 199
0AQ 124 191 199 188 225 35 126 167 111 228 131 60 60 235 188 197
0AQ 193 199 222 246 81 150 191 173 99 15 126 179 114 248 200 239
0AQ 113 248 45 89 248 145 126 91 239 245 192 197 247 25 125 216
0AQ 71 255 78 6 31 245 145 191 181 225 187 122 143 201 240 222
0AQ 61 31 226 55 214 57 254 1 191 189 131 191 175 143 247 161
0AQ 191 161 15 117 235 219 227 131 124 159 7 124 135 241 209 119
0AQ 123 96 70 223 229 190 199 30 204 178 

0

Rx13,OnRxDone,-96,8,255,4,4
0AQ 55 203 30 245 99 252 109 59 248 195 125 187 247 27 62 242
0AQ 208 55 123 167 143 242 59 250 48 71 71 191 187 143 244 173
0AQ 222 239 1 135 223 42 251 96 223 231 166 7 46 191 197 222
0AQ 59 125 148 199 222 49 122 228 198 251 125 160 111 116 236 183
0AQ 55 120 199 7 152 29 217 187 99 175 204 129 199 190 19 143
0AQ 221 121 187 251 142 190 97 244 208 241 91 222 227 195 189 227
0AQ 157 30 251 190 172 188 115 236 161 217 251 149 119 122 12 127
0AQ 148 239 246 253 29 63 124 219 129 223 219 131 111 13 30 122
0AQ 223 35 222 246 189 125 232 239 240 70 199 63 236 91 221 244
0AQ 144 227 15 255 205 61 228 119 246 94 31 224 199 249 221 141
0AQ 190 221 67 114 199 35 127 115 135 238 29 218 59 58 123 155
0AQ 67 59 59 163 31 239 27 189 211 206 7 122 219 6 183 28
0AQ 249 160 223 87 246 209 126 99 143 121 211 219 60 254 163 126
0AQ 123 199 190 221 240 67 191 69 153 236 129 239 186 227 129 31
0AQ 241 219 187 239 174 71 30 206 222 238 190 195 59 123 143 92
0AQ 126 147 3 31 241 219 251 16 223 239 

0

Rx14,OnRxDone,-97,7,255,5,5
0AQ 173 30 241 65 223 234 125 62 208 187 222 233 205 62 234 123
0AQ 222 232 241 111 202 246 142 44 222 49 122 232 59 189 219 135
0AQ 120 236 77 199 191 215 195 126 103 163 7 30 126 195 222 195
0AQ 190 221 129 239 247 168 7 191 205 177 91 143 56 248 237 221
0AQ 244 232 15 250 189 221 114 232 104 185 120 244 187 109 61 32
0AQ 111 119 100 248 118 197 206 199 251 38 111 240 225 118 222 104
0AQ 231 135 240 155 122 191 157 15 244 155 42 30 252 97 126 91
0AQ 189 199 221 186 225 17 15 31 252 237 123 200 15 245 157 182
0AQ 30 248 205 182 30 254 251 123 208 55 59 252 13 198 31 254
0AQ 205 54 178 15 242 91 123 163 199 253 72 223 237 173 142 253
0AQ 136 191 169 55 11 63 194 55 184 171 252 1 222 213 235 29
0AQ 218 233 221 114 219 129 15 255 110 111 245 184 15 252 253 28
0AQ 251 176 189 206 214 177 223 93 248 224 247 189 205 71 252 205
0AQ 117 30 51 123 163 143 252 251 26 190 227 209 223 234 174 236
0AQ 208 112 99 244 150 199 127 175 155 142 223 120 216 99 223 226
0AQ 29 62 214 157 183 186 235 3 28 253 

0

Rx15,OnRxDone,-99,6,255,6,6
0AQ 166 14 253 112 7 223 228 205 142 126 204 251 222 231 225 59
0AQ 111 119 104 246 176 55 28 248 46 71 222 116 232 232 61 15
0AQ 152 125 127 31 37 55 29 248 126 15 248 102 131 31 242 55
0AQ 246 253 125 232 111 246 110 183 237 124 176 183 189 197 7 120
0AQ 228 219 28 252 109 125 180 111 118 223 206 209 55 61 236 222
0AQ 183 247 224 135 222 118 240 35 191 193 251 132 31 232 29 223
0AQ 217 35 126 140 111 117 215 199 122 195 91 237 125 168 223 217
0AQ 109 199 111 189 207 71 218 235 61 224 55 55 200 109 15 91
0AQ 124 183 135 125 228 111 224 240 199 191 233 219 218 250 48 31
0AQ 252 155 122 248 251 246 222 234 225 223 232 129 127 239 62 224
0AQ 227 191 179 135 62 176 247 54 199 118 30 252 134 241 247 224
0AQ 17 63 202 119 120 196 55 41 110 29 185 243 49 126 95 143
0AQ 152 189 93 200 131 110 221 117 100 184 193 67 191 195 225 239
0AQ 247 168 59 247 100 197 222 209 27 97 249 77 62 192 7 126
0AQ 167 183 57 126 235 3 252 182 238 56 242 161 223 236 208 143
0AQ 240 109 30 249 123 123 228 55 123 155 

0

Rx16,OnRxDone,-101,3,61,7,7
0AQ 143 245 192 111 238 177 143 252 198 30 120 188 252 30 195 91
0AQ 111 243 200 31 229 119 181 177 245 208 239 181 241 209 191 215
0AQ 55 242 248 15 253 78 239 241 216 119 60 248 183 246 208 227
0AQ 229 3 223 103 231 129 123 111 

0

Rx17,OnRxTimeout,NA,NA,NA,NA,NA
10

19s571:IRQ_CRC_ERROR
Rx18,OnRxDone,-106,-15,61,7,0
16

23s578:IRQ_CRC_ERROR
Rx19,OnRxDone,-106,-15,61,7,0
21

27s584:IRQ_CRC_ERROR
Rx20,OnRxDone,-107,-15,61,7,0
25

Rx21,OnRxDone,
New test. SF: 10, CR: 1, Tx Power: 1, Toa: 617 
0

Rx22,OnRxDone,-103,1,50,0,0
0AQ 223 208 219 81 62 54 124 179 143 246 251 43 63 118 246 221
0AQ 221 246 208 15 250 45 61 252 145 239 247 118 31 237 251 188
0AQ 195 135 120 240 155 60 240 29 217 193 223 218 241 

0

Rx23,OnRxDone,-103,0,50,1,1
0AQ 197 155 62 210 183 26 188 227 224 225 35 111 216 218 120 151
0AQ 15 244 158 71 127 167 225 199 253 230 222 234 1 31 248 219
0AQ 59 248 33 223 234 1 111 120 228 239 238 208 193 

0

Rx24,OnRxDone,-103,0,50,2,2
0AQ 209 59 62 206 111 236 142 199 126 224 111 237 97 191 171 15
0AQ 252 219 235 28 252 136 55 236 140 191 217 195 190 203 135 249
0AQ 94 111 246 216 183 29 122 203 232 224 219 245 30 

0

35s169:HDR KO
Rx25,OnRxTimeout,NA,NA,NA,NA,NA
20

Rx26,OnRxTimeout,NA,NA,NA,NA,NA
33

39s176:HDR KO
Rx27,OnRxTimeout,NA,NA,NA,NA,NA
42

Rx28,OnRxTimeout,NA,NA,NA,NA,NA
50

43s183:HDR KO
Rx29,OnRxTimeout,NA,NA,NA,NA,NA
55

Rx30,OnRxTimeout,NA,NA,NA,NA,NA
60

47s190:HDR KO
Rx31,OnRxTimeout,NA,NA,NA,NA,NA
63

Rx32,OnRxTimeout,NA,NA,NA,NA,NA
66

51s197:HDR KO
Rx33,OnRxTimeout,NA,NA,NA,NA,NA
69

Rx34,OnRxTimeout,NA,NA,NA,NA,NA
71

55s204:HDR KO
Rx35,OnRxTimeout,NA,NA,NA,NA,NA
73

Rx36,OnRxTimeout,NA,NA,NA,NA,NA
75

59s210:HDR KO
Rx37,OnRxTimeout,NA,NA,NA,NA,NA
76

Rx38,OnRxTimeout,NA,NA,NA,NA,NA
77

63s217:HDR KO
Rx39,OnRxTimeout,NA,NA,NA,NA,NA
78

Rx0,OnRxTimeout,NA,NA,NA,NA,NA
100

