Rx1,OnRxTimeout,NA,NA,NA,NA,NA
100

Rx2,OnRxTimeout,NA,NA,NA,NA,NA
100


New test. SF: 7, CR: 1, Tx Power: 1, Toa: 400 
0s767:IRQ_CRC_ERROR
Rx0,OnRxDone,-102,-11,255,0,0
0AQ 223 208 219 81 62 54 124 179 143 246 251 43 63 118 246 221
0AQ 221 246 208 15 250 45 61 252 145 239 247 118 31 237 251 188
0AQ 195 135 120 240 155 60 240 29 201 208 79 218 241 197 155 62
0AQ 210 183 26 188 227 224 225 35 111 216 218 120 151 15 244 158
0AQ 71 63 231 225 195 253 230 222 234 1 31 248 209 49 88 33
0AQ 223 122 1 111 120 228 103 38 88 193 209 59 62 206 111 236
0AQ 206 135 58 134 9 233 99 191 171 15 252 232 109 176 248 200
0AQ 118 172 132 159 219 163 248 107 203 240 127 254 95 174 215 92
0AQ 22 7 226 160 255 29 7 38 143 151 116 80 148 251 115 188
0AQ 155 32 235 24 97 139 5 199 58 28 47 161 178 220 30 102
0AQ 97 163 86 173 219 189 114 214 141 209 78 205 149 55 31 29
0AQ 83 24 229 7 184 166 166 106 184 218 154 65 207 247 46 121
0AQ 174 90 145 23 244 133 120 185 171 145 44 155 59 204 27 44
0AQ 119 223 23 255 215 231 109 206 141 123 103 143 254 36 43 112
0AQ 115 219 178 44 247 77 118 156 11 89 158 161 81 58 120 126
0AQ 42 62 214 12 217 45 121 218 219 109 

50

Rx1,OnRxTimeout,NA,NA,NA,NA,NA
66

5s081:IRQ_CRC_ERROR
Rx2,OnRxDone,-102,-12,255,0,1
60

Rx3,OnRxDone,-97,-1,255,1,1
0AQ 151 141 62 226 155 117 14 29 188 239 216 226 206 209 223 221
0AQ 99 223 244 136 123 15 250 46 27 71 222 118 252 45 7 115
0AQ 195 193 197 114 249 253 122 225 163 190 79 239 232 241 59 6
0AQ 31 240 134 189 219 134 31 247 190 119 58 112 235 216 71 188
0AQ 237 189 30 242 13 248 64 247 222 226 240 240 1 191 181 226
0AQ 195 15 127 119 217 195 115 71 103 116 244 182 222 240 222 222
0AQ 99 223 84 220 40 23 111 185 231 129 111 187 229 232 222 135
0AQ 248 125 189 221 241 143 249 240 223 214 120 54 186 119 203 198
0AQ 193 143 248 61 61 230 199 251 22 131 111 117 219 35 63 226
0AQ 125 111 52 122 240 198 13 15 255 152 223 202 99 62 110 246
0AQ 6 135 222 244 128 227 223 216 131 247 178 247 123 196 94 241
0AQ 200 155 30 253 155 58 118 239 232 240 59 123 236 222 227 191
0AQ 203 123 125 140 157 239 238 145 31 248 14 198 223 173 243 110
0AQ 135 62 246 59 29 187 51 28 134 111 247 224 239 246 144 183
0AQ 220 113 252 251 60 232 3 150 223 238 17 119 222 231 33 239
0AQ 185 227 163 252 189 251 112 203 247 220 

50

Rx4,OnRxDone,-97,-2,255,2,2
0AQ 247 145 127 99 71 110 189 223 99 127 87 31 240 129 223 199
0AQ 227 30 75 113 244 29 30 247 33 111 184 237 158 67 223 230
0AQ 97 63 194 119 249 198 62 206 199 254 214 14 124 236 91 222
0AQ 224 17 135 139 69 222 102 124 240 200 119 250 72 223 44 219
0AQ 122 204 183 251 246 126 3 254 32 253 241 254 219 236 59 249
0AQ 3 242 219 251 238 30 241 163 253 30 222 237 67 190 233 155
0AQ 26 253 145 124 135 227 191 157 7 252 0 223 238 205 70 143
0AQ 63 252 77 194 199 62 246 119 238 17 31 242 174 187 142 127
0AQ 236 111 234 192 7 239 189 81 249 99 252 222 238 8 63 214
0AQ 59 222 229 177 195 247 123 208 189 222 145 239 209 121 196 239
0AQ 237 35 126 151 135 189 235 232 247 10 143 229 142 239 239 67
0AQ 60 240 190 15 244 59 27 190 237 166 71 221 216 120 212 91
0AQ 178 114 56 186 177 183 243 54 31 237 219 141 191 211 135 59
0AQ 250 109 125 152 247 124 99 131 143 188 117 104 249 166 155 142
0AQ 188 233 145 239 187 233 17 223 163 19 126 164 119 189 211 209
0AQ 15 252 110 135 191 91 175 188 113 228 

42

Rx5,OnRxDone,-95,1,255,3,3
0AQ 77 111 119 52 131 229 226 251 61 244 91 13 30 251 94 143
0AQ 249 184 223 206 209 143 120 224 183 245 224 143 248 54 247 60
0AQ 248 77 119 28 252 81 126 43 189 3 111 248 40 223 225 131
0AQ 124 143 27 62 226 143 241 119 239 65 239 233 60 232 187 245
0AQ 222 235 248 7 221 186 231 248 131 239 185 101 227 129 123 111
0AQ 53 120 240 109 131 27 195 111 243 1 222 49 254 253 125 248
0AQ 111 245 54 31 224 125 111 119 199 71 248 94 143 255 237 237
0AQ 61 252 93 15 253 6 119 61 252 219 148 15 46 151 111 251
0AQ 214 62 218 193 55 120 228 251 248 120 127 255 142 125 179 199
0AQ 124 191 199 188 225 35 126 167 111 228 131 60 60 235 188 197
0AQ 193 199 222 246 81 150 191 173 99 15 126 179 114 248 200 239
0AQ 113 248 45 89 248 145 126 91 239 245 192 197 247 25 125 216
0AQ 71 255 78 6 31 245 145 191 181 225 187 122 143 201 240 222
0AQ 61 31 226 55 214 57 254 1 191 189 131 191 175 143 247 161
0AQ 191 161 15 117 235 219 227 131 124 159 7 124 135 241 209 119
0AQ 123 96 70 223 229 190 199 30 204 178 

37

Rx6,OnRxDone,-94,3,255,4,4
0AQ 55 203 30 245 99 252 109 59 248 195 125 187 247 27 62 242
0AQ 208 55 123 167 143 242 59 250 48 71 71 191 187 143 244 173
0AQ 222 239 1 135 223 42 251 96 223 231 166 7 46 191 197 222
0AQ 59 125 148 199 222 49 122 228 198 251 125 160 111 116 236 183
0AQ 55 120 199 7 152 29 217 187 99 175 204 129 199 190 19 143
0AQ 221 121 187 251 142 190 97 244 208 241 91 222 227 195 189 227
0AQ 157 30 251 190 172 188 115 236 161 217 251 149 119 122 12 127
0AQ 148 239 246 253 29 63 124 219 129 223 219 131 111 13 30 122
0AQ 223 35 222 246 189 125 232 239 240 70 199 63 236 91 221 244
0AQ 144 227 15 255 205 61 228 119 246 94 31 224 199 249 221 141
0AQ 190 221 67 114 199 35 127 115 135 238 29 218 59 58 123 155
0AQ 67 59 59 163 31 239 27 189 211 206 7 122 219 6 183 28
0AQ 249 160 223 87 246 209 126 99 143 121 211 219 60 254 163 126
0AQ 123 199 190 221 240 67 191 69 153 236 129 239 186 227 129 31
0AQ 241 219 187 239 174 71 30 206 222 238 190 195 59 123 143 92
0AQ 126 147 3 31 241 219 251 16 223 239 

33

Rx7,OnRxDone,-92,6,255,5,5
0AQ 173 30 241 65 223 234 125 62 208 187 222 233 205 62 234 123
0AQ 222 232 241 111 202 246 142 44 222 49 122 232 59 189 219 135
0AQ 120 236 77 199 191 215 195 126 103 163 7 30 126 195 222 195
0AQ 190 221 129 239 247 168 7 191 205 177 91 143 56 248 237 221
0AQ 244 232 15 250 189 221 114 232 104 185 120 244 187 109 61 32
0AQ 111 119 100 248 118 197 206 199 251 38 111 240 225 118 222 104
0AQ 231 135 240 155 122 191 157 15 244 155 42 30 252 97 126 91
0AQ 189 199 221 186 225 17 15 31 252 237 123 200 15 245 157 182
0AQ 30 248 205 182 30 254 251 123 208 55 59 252 13 198 31 254
0AQ 205 54 178 15 242 91 123 163 199 253 72 223 237 173 142 253
0AQ 136 191 169 55 11 63 194 55 184 171 252 1 222 213 235 29
0AQ 218 233 221 114 219 129 15 255 110 111 245 184 15 252 253 28
0AQ 251 176 189 206 214 177 223 93 248 224 247 189 205 71 252 205
0AQ 117 30 51 123 163 143 252 251 26 190 227 209 223 234 174 236
0AQ 208 112 99 244 150 199 127 175 155 142 223 120 216 99 223 226
0AQ 29 62 214 157 183 186 235 3 28 253 

30

Rx8,OnRxDone,-90,7,255,6,6
0AQ 166 14 253 112 7 223 228 205 142 126 204 251 222 231 225 59
0AQ 111 119 104 246 176 55 28 248 46 71 222 116 232 232 61 15
0AQ 152 125 127 31 37 55 29 248 126 15 248 102 131 31 242 55
0AQ 246 253 125 232 111 246 110 183 237 124 176 183 189 197 7 120
0AQ 228 219 28 252 109 125 180 111 118 223 206 209 55 61 236 222
0AQ 183 247 224 135 222 118 240 35 191 193 251 132 31 232 29 223
0AQ 217 35 126 140 111 117 215 199 122 195 91 237 125 168 223 217
0AQ 109 199 111 189 207 71 218 235 61 224 55 55 200 109 15 91
0AQ 124 183 135 125 228 111 224 240 199 191 233 219 218 250 48 31
0AQ 252 155 122 248 251 246 222 234 225 223 232 129 127 239 62 224
0AQ 227 191 179 135 62 176 247 54 199 118 30 252 134 241 247 224
0AQ 17 63 202 119 120 196 55 41 110 29 185 243 49 126 95 143
0AQ 152 189 93 200 131 110 221 117 100 184 193 67 191 195 225 239
0AQ 247 168 59 247 100 197 222 209 27 97 249 77 62 192 7 126
0AQ 167 183 57 126 235 3 252 182 238 56 242 161 223 236 208 143
0AQ 240 109 30 249 123 123 228 55 123 155 

27

Rx9,OnRxDone,-90,6,61,7,7
0AQ 143 245 192 111 238 177 143 252 198 30 120 188 252 30 195 91
0AQ 111 243 200 31 229 119 181 177 245 208 239 181 241 209 191 215
0AQ 55 242 248 15 253 78 239 241 216 119 60 248 183 246 208 227
0AQ 229 3 223 103 231 129 123 111 

25

Rx10,OnRxDone,
New test. SF: 8, CR: 1, Tx Power: 1, Toa: 708 
0

Rx11,OnRxDone,-97,-2,255,0,0
0AQ 223 208 219 81 62 54 124 179 143 246 251 43 63 118 246 221
0AQ 221 246 208 15 250 45 61 252 145 239 247 118 31 237 251 188
0AQ 195 135 120 240 155 60 240 29 217 193 223 218 241 197 155 62
0AQ 210 183 26 188 227 224 225 35 111 216 218 120 151 15 244 158
0AQ 71 127 167 225 199 253 230 222 234 1 31 248 219 59 248 33
0AQ 223 234 1 111 120 228 239 238 208 193 209 59 62 206 111 236
0AQ 142 199 126 224 111 237 97 191 171 15 252 219 235 28 252 136
0AQ 55 236 140 191 217 195 190 203 135 249 94 111 246 216 183 29
0AQ 122 203 232 224 219 245 30 112 227 253 30 122 240 251 122 208
0AQ 7 44 190 85 249 1 71 239 184 239 67 252 238 202 135 22
0AQ 119 30 240 157 222 233 3 28 60 252 219 248 16 31 241 187
0AQ 123 208 193 199 252 238 56 118 252 219 251 72 143 255 46 30
0AQ 248 81 223 111 252 205 30 121 231 157 110 59 184 252 136 27
0AQ 119 28 189 245 102 15 204 93 71 127 103 143 254 168 183 220
0AQ 115 199 135 188 243 125 124 156 15 250 62 195 91 89 88 222
0AQ 26 254 246 30 249 33 123 217 125 111 

0

Rx12,OnRxDone,-94,4,255,1,1
0AQ 151 141 62 226 155 117 14 29 188 239 216 226 206 209 223 221
0AQ 99 223 244 136 123 15 250 46 27 71 222 118 252 45 7 115
0AQ 195 193 197 114 249 253 122 225 163 190 79 239 232 241 59 6
0AQ 31 240 134 189 219 134 31 247 190 119 58 112 235 216 71 188
0AQ 237 189 30 242 13 248 64 247 222 226 240 240 1 191 181 226
0AQ 195 15 127 119 217 195 115 71 103 116 244 182 222 240 222 222
0AQ 99 223 84 220 40 23 111 185 231 129 111 187 229 232 222 135
0AQ 248 125 189 221 241 143 249 240 223 214 120 54 186 119 203 198
0AQ 193 143 248 61 61 230 199 251 22 131 111 117 219 35 63 226
0AQ 125 111 52 122 240 198 13 15 255 152 223 202 99 62 110 246
0AQ 6 135 222 244 128 227 223 216 131 247 178 247 123 196 94 241
0AQ 200 155 30 253 155 58 118 239 232 240 59 123 236 222 227 191
0AQ 203 123 125 140 157 239 238 145 31 248 14 198 223 173 243 110
0AQ 135 62 246 59 29 187 51 28 134 111 247 224 239 246 144 183
0AQ 220 113 252 251 60 232 3 150 223 238 17 119 222 231 33 239
0AQ 185 227 163 252 189 251 112 203 247 220 

0

Rx13,OnRxDone,-93,5,255,2,2
0AQ 247 145 127 99 71 110 189 223 99 127 87 31 240 129 223 199
0AQ 227 30 75 113 244 29 30 247 33 111 184 237 158 67 223 230
0AQ 97 63 194 119 249 198 62 206 199 254 214 14 124 236 91 222
0AQ 224 17 135 139 69 222 102 124 240 200 119 250 72 223 44 219
0AQ 122 204 183 251 246 126 3 254 32 253 241 254 219 236 59 249
0AQ 3 242 219 251 238 30 241 163 253 30 222 237 67 190 233 155
0AQ 26 253 145 124 135 227 191 157 7 252 0 223 238 205 70 143
0AQ 63 252 77 194 199 62 246 119 238 17 31 242 174 187 142 127
0AQ 236 111 234 192 7 239 189 81 249 99 252 222 238 8 63 214
0AQ 59 222 229 177 195 247 123 208 189 222 145 239 209 121 196 239
0AQ 237 35 126 151 135 189 235 232 247 10 143 229 142 239 239 67
0AQ 60 240 190 15 244 59 27 190 237 166 71 221 216 120 212 91
0AQ 178 114 56 186 177 183 243 54 31 237 219 141 191 211 135 59
0AQ 250 109 125 152 247 124 99 131 143 188 117 104 249 166 155 142
0AQ 188 233 145 239 187 233 17 223 163 19 126 164 119 189 211 209
0AQ 15 252 110 135 191 91 175 188 113 228 

0

Rx14,OnRxDone,-96,1,255,3,3
0AQ 77 111 119 52 131 229 226 251 61 244 91 13 30 251 94 143
0AQ 249 184 223 206 209 143 120 224 183 245 224 143 248 54 247 60
0AQ 248 77 119 28 252 81 126 43 189 3 111 248 40 223 225 131
0AQ 124 143 27 62 226 143 241 119 239 65 239 233 60 232 187 245
0AQ 222 235 248 7 221 186 231 248 131 239 185 101 227 129 123 111
0AQ 53 120 240 109 131 27 195 111 243 1 222 49 254 253 125 248
0AQ 111 245 54 31 224 125 111 119 199 71 248 94 143 255 237 237
0AQ 61 252 93 15 253 6 119 61 252 219 148 15 46 151 111 251
0AQ 214 62 218 193 55 120 228 251 248 120 127 255 142 125 179 199
0AQ 124 191 199 188 225 35 126 167 111 228 131 60 60 235 188 197
0AQ 193 199 222 246 81 150 191 173 99 15 126 179 114 248 200 239
0AQ 113 248 45 89 248 145 126 91 239 245 192 197 247 25 125 216
0AQ 71 255 78 6 31 245 145 191 181 225 187 122 143 201 240 222
0AQ 61 31 226 55 214 57 254 1 191 189 131 191 175 143 247 161
0AQ 191 161 15 117 235 219 227 131 124 159 7 124 135 241 209 119
0AQ 123 96 70 223 229 190 199 30 204 178 

0

Rx15,OnRxDone,-94,2,255,4,4
0AQ 55 203 30 245 99 252 109 59 248 195 125 187 247 27 62 242
0AQ 208 55 123 167 143 242 59 250 48 71 71 191 187 143 244 173
0AQ 222 239 1 135 223 42 251 96 223 231 166 7 46 191 197 222
0AQ 59 125 148 199 222 49 122 228 198 251 125 160 111 116 236 183
0AQ 55 120 199 7 152 29 217 187 99 175 204 129 199 190 19 143
0AQ 221 121 187 251 142 190 97 244 208 241 91 222 227 195 189 227
0AQ 157 30 251 190 172 188 115 236 161 217 251 149 119 122 12 127
0AQ 148 239 246 253 29 63 124 219 129 223 219 131 111 13 30 122
0AQ 223 35 222 246 189 125 232 239 240 70 199 63 236 91 221 244
0AQ 144 227 15 255 205 61 228 119 246 94 31 224 199 249 221 141
0AQ 190 221 67 114 199 35 127 115 135 238 29 218 59 58 123 155
0AQ 67 59 59 163 31 239 27 189 211 206 7 122 219 6 183 28
0AQ 249 160 223 87 246 209 126 99 143 121 211 219 60 254 163 126
0AQ 123 199 190 221 240 67 191 69 153 236 129 239 186 227 129 31
0AQ 241 219 187 239 174 71 30 206 222 238 190 195 59 123 143 92
0AQ 126 147 3 31 241 219 251 16 223 239 

0

Rx16,OnRxDone,-95,1,255,5,5
0AQ 173 30 241 65 223 234 125 62 208 187 222 233 205 62 234 123
0AQ 222 232 241 111 202 246 142 44 222 49 122 232 59 189 219 135
0AQ 120 236 77 199 191 215 195 126 103 163 7 30 126 195 222 195
0AQ 190 221 129 239 247 168 7 191 205 177 91 143 56 248 237 221
0AQ 244 232 15 250 189 221 114 232 104 185 120 244 187 109 61 32
0AQ 111 119 100 248 118 197 206 199 251 38 111 240 225 118 222 104
0AQ 231 135 240 155 122 191 157 15 244 155 42 30 252 97 126 91
0AQ 189 199 221 186 225 17 15 31 252 237 123 200 15 245 157 182
0AQ 30 248 205 182 30 254 251 123 208 55 59 252 13 198 31 254
0AQ 205 54 178 15 242 91 123 163 199 253 72 223 237 173 142 253
0AQ 136 191 169 55 11 63 194 55 184 171 252 1 222 213 235 29
0AQ 218 233 221 114 219 129 15 255 110 111 245 184 15 252 253 28
0AQ 251 176 189 206 214 177 223 93 248 224 247 189 205 71 252 205
0AQ 117 30 51 123 163 143 252 251 26 190 227 209 223 234 174 236
0AQ 208 112 99 244 150 199 127 175 155 142 223 120 216 99 223 226
0AQ 29 62 214 157 183 186 235 3 28 253 

0

Rx17,OnRxDone,-96,0,255,6,6
0AQ 166 14 253 112 7 223 228 205 142 126 204 251 222 231 225 59
0AQ 111 119 104 246 176 55 28 248 46 71 222 116 232 232 61 15
0AQ 152 125 127 31 37 55 29 248 126 15 248 102 131 31 242 55
0AQ 246 253 125 232 111 246 110 183 237 124 176 183 189 197 7 120
0AQ 228 219 28 252 109 125 180 111 118 223 206 209 55 61 236 222
0AQ 183 247 224 135 222 118 240 35 191 193 251 132 31 232 29 223
0AQ 217 35 126 140 111 117 215 199 122 195 91 237 125 168 223 217
0AQ 109 199 111 189 207 71 218 235 61 224 55 55 200 109 15 91
0AQ 124 183 135 125 228 111 224 240 199 191 233 219 218 250 48 31
0AQ 252 155 122 248 251 246 222 234 225 223 232 129 127 239 62 224
0AQ 227 191 179 135 62 176 247 54 199 118 30 252 134 241 247 224
0AQ 17 63 202 119 120 196 55 41 110 29 185 243 49 126 95 143
0AQ 152 189 93 200 131 110 221 117 100 184 193 67 191 195 225 239
0AQ 247 168 59 247 100 197 222 209 27 97 249 77 62 192 7 126
0AQ 167 183 57 126 235 3 252 182 238 56 242 161 223 236 208 143
0AQ 240 109 30 249 123 123 228 55 123 155 

0

Rx18,OnRxDone,-95,1,61,7,7
0AQ 143 245 192 111 238 177 143 252 198 30 120 188 252 30 195 91
0AQ 111 243 200 31 229 119 181 177 245 208 239 181 241 209 191 215
0AQ 55 242 248 15 253 78 239 241 216 119 60 248 183 246 208 227
0AQ 229 3 223 103 231 129 123 111 

0

Rx19,OnRxDone,
New test. SF: 10, CR: 1, Tx Power: 1, Toa: 617 
0

Rx20,OnRxDone,-98,-4,50,0,0
0AQ 223 208 219 81 62 54 124 179 143 246 251 43 63 118 246 221
0AQ 221 246 208 15 250 45 61 252 145 239 247 118 31 237 251 188
0AQ 195 135 120 240 155 60 240 29 217 193 223 218 241 

0

Rx21,OnRxDone,-100,-8,50,1,1
0AQ 197 155 62 210 183 26 188 227 224 225 35 111 216 218 120 151
0AQ 15 244 158 71 127 167 225 199 253 230 222 234 1 31 248 219
0AQ 59 248 33 223 234 1 111 120 228 239 238 208 193 

0

Rx22,OnRxDone,-97,-2,50,2,2
0AQ 209 59 62 206 111 236 142 199 126 224 111 237 97 191 171 15
0AQ 252 219 235 28 252 136 55 236 140 191 217 195 190 203 135 249
0AQ 94 111 246 216 183 29 122 203 232 224 219 245 30 

0

Rx23,OnRxDone,-99,-5,50,3,3
0AQ 112 227 253 30 122 240 251 122 208 7 44 190 85 249 1 71
0AQ 239 184 239 67 252 238 202 135 22 119 30 240 157 222 233 3
0AQ 28 60 252 219 248 16 31 241 187 123 208 193 199 

0

Rx24,OnRxDone,-98,-5,50,4,4
0AQ 252 238 56 118 252 219 251 72 143 255 46 30 248 81 223 111
0AQ 252 205 30 121 231 157 110 59 184 252 136 27 119 28 189 245
0AQ 102 15 204 93 71 127 103 143 254 168 183 220 115 

0

Rx25,OnRxDone,-97,-1,50,5,5
0AQ 199 135 188 243 125 124 156 15 250 62 195 91 89 88 222 26
0AQ 254 246 30 249 33 123 217 125 111 151 141 62 226 155 117 14
0AQ 29 188 239 216 226 206 209 223 221 99 223 244 136 

0

Rx26,OnRxDone,-96,-1,50,6,6
0AQ 123 15 250 46 27 71 222 118 252 45 7 115 195 193 197 114
0AQ 249 253 122 225 163 190 79 239 232 241 59 6 31 240 134 189
0AQ 219 134 31 247 190 119 58 112 235 216 71 188 237 

0

Rx27,OnRxDone,-99,-6,50,7,7
0AQ 189 30 242 13 248 64 247 222 226 240 240 1 191 181 226 195
0AQ 15 127 119 217 195 115 71 103 116 244 182 222 240 222 222 99
0AQ 223 84 220 40 23 111 185 231 129 111 187 229 232 

0

Rx28,OnRxDone,-99,-4,50,8,8
0AQ 222 135 248 125 189 221 241 143 249 240 223 214 120 54 186 119
0AQ 203 198 193 143 248 61 61 230 199 251 22 131 111 117 219 35
0AQ 63 226 125 111 52 122 240 198 13 15 255 152 223 

0

Rx29,OnRxDone,-98,-4,50,9,9
0AQ 202 99 62 110 246 6 135 222 244 128 227 223 216 131 247 178
0AQ 247 123 196 94 241 200 155 30 253 155 58 118 239 232 240 59
0AQ 123 236 222 227 191 203 123 125 140 157 239 238 145 

0

Rx30,OnRxDone,-99,-4,50,10,10
0AQ 31 248 14 198 223 173 243 110 135 62 246 59 29 187 51 28
0AQ 134 111 247 224 239 246 144 183 220 113 252 251 60 232 3 150
0AQ 223 238 17 119 222 231 33 239 185 227 163 252 189 

0

Rx31,OnRxDone,-98,-4,50,11,11
0AQ 251 112 203 247 220 247 145 127 99 71 110 189 223 99 127 87
0AQ 31 240 129 223 199 227 30 75 113 244 29 30 247 33 111 184
0AQ 237 158 67 223 230 97 63 194 119 249 198 62 206 

0

Rx32,OnRxDone,-97,-3,50,12,12
0AQ 199 254 214 14 124 236 91 222 224 17 135 139 69 222 102 124
0AQ 240 200 119 250 72 223 44 219 122 204 183 251 246 126 3 254
0AQ 32 253 241 254 219 236 59 249 3 242 219 251 238 

0

Rx33,OnRxDone,-97,-3,50,13,13
0AQ 30 241 163 253 30 222 237 67 190 233 155 26 253 145 124 135
0AQ 227 191 157 7 252 0 223 238 205 70 143 63 252 77 194 199
0AQ 62 246 119 238 17 31 242 174 187 142 127 236 111 

0

Rx34,OnRxDone,-98,-6,50,14,14
0AQ 234 192 7 239 189 81 249 99 252 222 238 8 63 214 59 222
0AQ 229 177 195 247 123 208 189 222 145 239 209 121 196 239 237 35
0AQ 126 151 135 189 235 232 247 10 143 229 142 239 239 

0

Rx35,OnRxDone,-97,-1,50,15,15
0AQ 67 60 240 190 15 244 59 27 190 237 166 71 221 216 120 212
0AQ 91 178 114 56 186 177 183 243 54 31 237 219 141 191 211 135
0AQ 59 250 109 125 152 247 124 99 131 143 188 117 104 

0

Rx36,OnRxDone,-100,-5,50,16,16
0AQ 249 166 155 142 188 233 145 239 187 233 17 223 163 19 126 164
0AQ 119 189 211 209 15 252 110 135 191 91 175 188 113 228 77 111
0AQ 119 52 131 229 226 251 61 244 91 13 30 251 94 

0

Rx37,OnRxDone,-97,0,50,17,17
0AQ 143 249 184 223 206 209 143 120 224 183 245 224 143 248 54 247
0AQ 60 248 77 119 28 252 81 126 43 189 3 111 248 40 223 225
0AQ 131 124 143 27 62 226 143 241 119 239 65 239 233 

0

Rx38,OnRxDone,-97,-1,50,18,18
0AQ 60 232 187 245 222 235 248 7 221 186 231 248 131 239 185 101
0AQ 227 129 123 111 53 120 240 109 131 27 195 111 243 1 222 49
0AQ 254 253 125 248 111 245 54 31 224 125 111 119 199 

0

Rx39,OnRxDone,-97,-2,50,19,19
0AQ 71 248 94 143 255 237 237 61 252 93 15 253 6 119 61 252
0AQ 219 148 15 46 151 111 251 214 62 218 193 55 120 228 251 248
0AQ 120 127 255 142 125 179 199 124 191 199 188 225 35 

0

Rx40,OnRxDone,-98,-2,50,20,20
0AQ 126 167 111 228 131 60 60 235 188 197 193 199 222 246 81 150
0AQ 191 173 99 15 126 179 114 248 200 239 113 248 45 89 248 145
0AQ 126 91 239 245 192 197 247 25 125 216 71 255 78 

0

Rx41,OnRxDone,-99,-3,50,21,21
0AQ 6 31 245 145 191 181 225 187 122 143 201 240 222 61 31 226
0AQ 55 214 57 254 1 191 189 131 191 175 143 247 161 191 161 15
0AQ 117 235 219 227 131 124 159 7 124 135 241 209 119 

0

Rx42,OnRxDone,-97,-1,50,22,22
0AQ 123 96 70 223 229 190 199 30 204 178 55 203 30 245 99 252
0AQ 109 59 248 195 125 187 247 27 62 242 208 55 123 167 143 242
0AQ 59 250 48 71 71 191 187 143 244 173 222 239 1 

0

Rx43,OnRxDone,-97,-1,50,23,23
0AQ 135 223 42 251 96 223 231 166 7 46 191 197 222 59 125 148
0AQ 199 222 49 122 228 198 251 125 160 111 116 236 183 55 120 199
0AQ 7 152 29 217 187 99 175 204 129 199 190 19 143 

0

Rx44,OnRxDone,-96,1,50,24,24
0AQ 221 121 187 251 142 190 97 244 208 241 91 222 227 195 189 227
0AQ 157 30 251 190 172 188 115 236 161 217 251 149 119 122 12 127
0AQ 148 239 246 253 29 63 124 219 129 223 219 131 111 

0

Rx45,OnRxDone,-100,-6,50,25,25
0AQ 13 30 122 223 35 222 246 189 125 232 239 240 70 199 63 236
0AQ 91 221 244 144 227 15 255 205 61 228 119 246 94 31 224 199
0AQ 249 221 141 190 221 67 114 199 35 127 115 135 238 

0

Rx46,OnRxDone,-99,-6,50,26,26
0AQ 29 218 59 58 123 155 67 59 59 163 31 239 27 189 211 206
0AQ 7 122 219 6 183 28 249 160 223 87 246 209 126 99 143 121
0AQ 211 219 60 254 163 126 123 199 190 221 240 67 191 

0

Rx47,OnRxDone,-97,-3,50,27,27
0AQ 69 153 236 129 239 186 227 129 31 241 219 187 239 174 71 30
0AQ 206 222 238 190 195 59 123 143 92 126 147 3 31 241 219 251
0AQ 16 223 239 173 30 241 65 223 234 125 62 208 187 

0

Rx48,OnRxDone,-99,-6,50,28,28
0AQ 222 233 205 62 234 123 222 232 241 111 202 246 142 44 222 49
0AQ 122 232 59 189 219 135 120 236 77 199 191 215 195 126 103 163
0AQ 7 30 126 195 222 195 190 221 129 239 247 168 7 

0

Rx49,OnRxDone,-99,-7,50,29,29
0AQ 191 205 177 91 143 56 248 237 221 244 232 15 250 189 221 114
0AQ 232 104 185 120 244 187 109 61 32 111 119 100 248 118 197 206
0AQ 199 251 38 111 240 225 118 222 104 231 135 240 155 

0

Rx50,OnRxDone,-100,-10,50,30,30
0AQ 122 191 157 15 244 155 42 30 252 97 126 91 189 199 221 186
0AQ 225 17 15 31 252 237 123 200 15 245 157 182 30 248 205 182
0AQ 30 254 251 123 208 55 59 252 13 198 31 254 205 

0

Rx51,OnRxDone,-100,-9,50,31,31
0AQ 54 178 15 242 91 123 163 199 253 72 223 237 173 142 253 136
0AQ 191 169 55 11 63 194 55 184 171 252 1 222 213 235 29 218
0AQ 233 221 114 219 129 15 255 110 111 245 184 15 252 

0

Rx52,OnRxDone,-100,-11,50,32,32
0AQ 253 28 251 176 189 206 214 177 223 93 248 224 247 189 205 71
0AQ 252 205 117 30 51 123 163 143 252 251 26 190 227 209 223 234
0AQ 174 236 208 112 99 244 150 199 127 175 155 142 223 

0

Rx53,OnRxDone,-100,-8,50,33,33
0AQ 120 216 99 223 226 29 62 214 157 183 186 235 3 28 253 166
0AQ 14 253 112 7 223 228 205 142 126 204 251 222 231 225 59 111
0AQ 119 104 246 176 55 28 248 46 71 222 116 232 232 

0

Rx54,OnRxDone,-98,-4,50,34,34
0AQ 61 15 152 125 127 31 37 55 29 248 126 15 248 102 131 31
0AQ 242 55 246 253 125 232 111 246 110 183 237 124 176 183 189 197
0AQ 7 120 228 219 28 252 109 125 180 111 118 223 206 

0

Rx55,OnRxDone,-97,-2,50,35,35
0AQ 209 55 61 236 222 183 247 224 135 222 118 240 35 191 193 251
0AQ 132 31 232 29 223 217 35 126 140 111 117 215 199 122 195 91
0AQ 237 125 168 223 217 109 199 111 189 207 71 218 235 

0

Rx56,OnRxDone,-98,-3,50,36,36
0AQ 61 224 55 55 200 109 15 91 124 183 135 125 228 111 224 240
0AQ 199 191 233 219 218 250 48 31 252 155 122 248 251 246 222 234
0AQ 225 223 232 129 127 239 62 224 227 191 179 135 62 

0

Rx57,OnRxDone,-98,-2,50,37,37
0AQ 176 247 54 199 118 30 252 134 241 247 224 17 63 202 119 120
0AQ 196 55 41 110 29 185 243 49 126 95 143 152 189 93 200 131
0AQ 110 221 117 100 184 193 67 191 195 225 239 247 168 

0

Rx58,OnRxDone,-100,-7,50,38,38
0AQ 59 247 100 197 222 209 27 97 249 77 62 192 7 126 167 183
0AQ 57 126 235 3 252 182 238 56 242 161 223 236 208 143 240 109
0AQ 30 249 123 123 228 55 123 155 143 245 192 111 238 

0

Rx59,OnRxDone,-96,0,50,39,39
0AQ 177 143 252 198 30 120 188 252 30 195 91 111 243 200 31 229
0AQ 119 181 177 245 208 239 181 241 209 191 215 55 242 248 15 253
0AQ 78 239 241 216 119 60 248 183 246 208 227 229 3 

0

Rx60,OnRxDone,-94,2,11,40,40
0AQ 223 103 231 129 123 111 

0

Rx61,OnRxDone,
New test. SF: 12, CR: 1, Tx Power: 1, Toa: 2302 
0

Rx62,OnRxTimeout,NA,NA,NA,NA,NA
50

67s658:IRQ_CRC_ERROR
Rx63,OnRxDone,-101,-24,50,0,0
0AQ 223 208 75 11 30 47 206 188 125 244 114 147 189 128 193 57
0AQ 112 233 66 176 8 61 109 13 68 35 20 238 92 40 35 178
0AQ 212 216 18 116 90 182 14 126 186 81 16 106 141 

50

Rx64,OnRxDone,-97,-1,50,1,1
0AQ 197 155 62 210 183 26 188 227 224 225 35 111 216 218 120 151
0AQ 15 244 158 71 127 167 225 199 253 230 222 234 1 31 248 219
0AQ 59 248 33 223 234 1 111 120 228 239 238 208 193 

40

Rx65,OnRxDone,-98,-3,50,2,2
0AQ 209 59 62 206 111 236 142 199 126 224 111 237 97 191 171 15
0AQ 252 219 235 28 252 136 55 236 140 191 217 195 190 203 135 249
0AQ 94 111 246 216 183 29 122 203 232 224 219 245 30 

33

Rx66,OnRxDone,-98,-2,50,3,3
0AQ 112 227 253 30 122 240 251 122 208 7 44 190 85 249 1 71
0AQ 239 184 239 67 252 238 202 135 22 119 30 240 157 222 233 3
0AQ 28 60 252 219 248 16 31 241 187 123 208 193 199 

28

Rx67,OnRxDone,-97,-1,50,4,4
0AQ 252 238 56 118 252 219 251 72 143 255 46 30 248 81 223 111
0AQ 252 205 30 121 231 157 110 59 184 252 136 27 119 28 189 245
0AQ 102 15 204 93 71 127 103 143 254 168 183 220 115 

25

Rx68,OnRxDone,-94,3,50,5,5
0AQ 199 135 188 243 125 124 156 15 250 62 195 91 89 88 222 26
0AQ 254 246 30 249 33 123 217 125 111 151 141 62 226 155 117 14
0AQ 29 188 239 216 226 206 209 223 221 99 223 244 136 

22

Rx69,OnRxDone,-93,3,50,6,6
0AQ 123 15 250 46 27 71 222 118 252 45 7 115 195 193 197 114
0AQ 249 253 122 225 163 190 79 239 232 241 59 6 31 240 134 189
0AQ 219 134 31 247 190 119 58 112 235 216 71 188 237 

20

Rx70,OnRxDone,-94,3,50,7,7
0AQ 189 30 242 13 248 64 247 222 226 240 240 1 191 181 226 195
0AQ 15 127 119 217 195 115 71 103 116 244 182 222 240 222 222 99
0AQ 223 84 220 40 23 111 185 231 129 111 187 229 232 

18

Rx71,OnRxDone,-92,3,50,8,8
0AQ 222 135 248 125 189 221 241 143 249 240 223 214 120 54 186 119
0AQ 203 198 193 143 248 61 61 230 199 251 22 131 111 117 219 35
0AQ 63 226 125 111 52 122 240 198 13 15 255 152 223 

16

Rx72,OnRxDone,-94,2,50,9,9
0AQ 202 99 62 110 246 6 135 222 244 128 227 223 216 131 247 178
0AQ 247 123 196 94 241 200 155 30 253 155 58 118 239 232 240 59
0AQ 123 236 222 227 191 203 123 125 140 157 239 238 145 

15

Rx73,OnRxDone,-94,3,50,10,10
0AQ 31 248 14 198 223 173 243 110 135 62 246 59 29 187 51 28
0AQ 134 111 247 224 239 246 144 183 220 113 252 251 60 232 3 150
0AQ 223 238 17 119 222 231 33 239 185 227 163 252 189 

14

Rx74,OnRxDone,-95,2,50,11,11
0AQ 251 112 203 247 220 247 145 127 99 71 110 189 223 99 127 87
0AQ 31 240 129 223 199 227 30 75 113 244 29 30 247 33 111 184
0AQ 237 158 67 223 230 97 63 194 119 249 198 62 206 

13

Rx75,OnRxDone,-94,2,50,12,12
0AQ 199 254 214 14 124 236 91 222 224 17 135 139 69 222 102 124
0AQ 240 200 119 250 72 223 44 219 122 204 183 251 246 126 3 254
0AQ 32 253 241 254 219 236 59 249 3 242 219 251 238 

12

Rx76,OnRxDone,-94,2,50,13,13
0AQ 30 241 163 253 30 222 237 67 190 233 155 26 253 145 124 135
0AQ 227 191 157 7 252 0 223 238 205 70 143 63 252 77 194 199
0AQ 62 246 119 238 17 31 242 174 187 142 127 236 111 

11

Rx77,OnRxDone,-93,3,50,14,14
0AQ 234 192 7 239 189 81 249 99 252 222 238 8 63 214 59 222
0AQ 229 177 195 247 123 208 189 222 145 239 209 121 196 239 237 35
0AQ 126 151 135 189 235 232 247 10 143 229 142 239 239 

11

Rx78,OnRxDone,-93,3,50,15,15
0AQ 67 60 240 190 15 244 59 27 190 237 166 71 221 216 120 212
0AQ 91 178 114 56 186 177 183 243 54 31 237 219 141 191 211 135
0AQ 59 250 109 125 152 247 124 99 131 143 188 117 104 

10

Rx79,OnRxDone,-94,3,50,16,16
0AQ 249 166 155 142 188 233 145 239 187 233 17 223 163 19 126 164
0AQ 119 189 211 209 15 252 110 135 191 91 175 188 113 228 77 111
0AQ 119 52 131 229 226 251 61 244 91 13 30 251 94 

10

Rx80,OnRxDone,-94,0,50,17,17
0AQ 143 249 184 223 206 209 143 120 224 183 245 224 143 248 54 247
0AQ 60 248 77 119 28 252 81 126 43 189 3 111 248 40 223 225
0AQ 131 124 143 27 62 226 143 241 119 239 65 239 233 

9

Rx81,OnRxDone,-95,2,50,18,18
0AQ 60 232 187 245 222 235 248 7 221 186 231 248 131 239 185 101
0AQ 227 129 123 111 53 120 240 109 131 27 195 111 243 1 222 49
0AQ 254 253 125 248 111 245 54 31 224 125 111 119 199 

9

Rx82,OnRxDone,-95,1,50,19,19
0AQ 71 248 94 143 255 237 237 61 252 93 15 253 6 119 61 252
0AQ 219 148 15 46 151 111 251 214 62 218 193 55 120 228 251 248
0AQ 120 127 255 142 125 179 199 124 191 199 188 225 35 

8

Rx83,OnRxDone,-94,2,50,20,20
0AQ 126 167 111 228 131 60 60 235 188 197 193 199 222 246 81 150
0AQ 191 173 99 15 126 179 114 248 200 239 113 248 45 89 248 145
0AQ 126 91 239 245 192 197 247 25 125 216 71 255 78 

8

Rx84,OnRxDone,-95,1,50,21,21
0AQ 6 31 245 145 191 181 225 187 122 143 201 240 222 61 31 226
0AQ 55 214 57 254 1 191 189 131 191 175 143 247 161 191 161 15
0AQ 117 235 219 227 131 124 159 7 124 135 241 209 119 

8

Rx85,OnRxDone,-99,-7,50,22,22
0AQ 123 96 70 223 229 190 199 30 204 178 55 203 30 245 99 252
0AQ 109 59 248 195 125 187 247 27 62 242 208 55 123 167 143 242
0AQ 59 250 48 71 71 191 187 143 244 173 222 239 1 

7

Rx86,OnRxDone,-98,-4,50,23,23
0AQ 135 223 42 251 96 223 231 166 7 46 191 197 222 59 125 148
0AQ 199 222 49 122 228 198 251 125 160 111 116 236 183 55 120 199
0AQ 7 152 29 217 187 99 175 204 129 199 190 19 143 

7

Rx87,OnRxDone,-99,-4,50,24,24
0AQ 221 121 187 251 142 190 97 244 208 241 91 222 227 195 189 227
0AQ 157 30 251 190 172 188 115 236 161 217 251 149 119 122 12 127
0AQ 148 239 246 253 29 63 124 219 129 223 219 131 111 

7

Rx88,OnRxDone,-101,-11,50,25,25
0AQ 13 30 122 223 35 222 246 189 125 232 239 240 70 199 63 236
0AQ 91 221 244 144 227 15 255 205 61 228 119 246 94 31 224 199
0AQ 249 221 141 190 221 67 114 199 35 127 115 135 238 

6

Rx89,OnRxDone,-99,-5,50,26,26
0AQ 29 218 59 58 123 155 67 59 59 163 31 239 27 189 211 206
0AQ 7 122 219 6 183 28 249 160 223 87 246 209 126 99 143 121
0AQ 211 219 60 254 163 126 123 199 190 221 240 67 191 

6

Rx90,OnRxDone,-92,3,50,27,27
0AQ 69 153 236 129 239 186 227 129 31 241 219 187 239 174 71 30
0AQ 206 222 238 190 195 59 123 143 92 126 147 3 31 241 219 251
0AQ 16 223 239 173 30 241 65 223 234 125 62 208 187 

6

Rx91,OnRxDone,-98,-6,50,28,28
0AQ 222 233 205 62 234 123 222 232 241 111 202 246 142 44 222 49
0AQ 122 232 59 189 219 135 120 236 77 199 191 215 195 126 103 163
0AQ 7 30 126 195 222 195 190 221 129 239 247 168 7 

6

Rx92,OnRxDone,-98,-5,50,29,29
0AQ 191 205 177 91 143 56 248 237 221 244 232 15 250 189 221 114
0AQ 232 104 185 120 244 187 109 61 32 111 119 100 248 118 197 206
0AQ 199 251 38 111 240 225 118 222 104 231 135 240 155 

6

Rx93,OnRxDone,-100,-11,50,30,30
0AQ 122 191 157 15 244 155 42 30 252 97 126 91 189 199 221 186
0AQ 225 17 15 31 252 237 123 200 15 245 157 182 30 248 205 182
0AQ 30 254 251 123 208 55 59 252 13 198 31 254 205 

5

Rx94,OnRxDone,-100,-11,50,31,31
0AQ 54 178 15 242 91 123 163 199 253 72 223 237 173 142 253 136
0AQ 191 169 55 11 63 194 55 184 171 252 1 222 213 235 29 218
0AQ 233 221 114 219 129 15 255 110 111 245 184 15 252 

5

Rx95,OnRxDone,-98,-3,50,32,32
0AQ 253 28 251 176 189 206 214 177 223 93 248 224 247 189 205 71
0AQ 252 205 117 30 51 123 163 143 252 251 26 190 227 209 223 234
0AQ 174 236 208 112 99 244 150 199 127 175 155 142 223 

5

Rx96,OnRxDone,-98,-3,50,33,33
0AQ 120 216 99 223 226 29 62 214 157 183 186 235 3 28 253 166
0AQ 14 253 112 7 223 228 205 142 126 204 251 222 231 225 59 111
0AQ 119 104 246 176 55 28 248 46 71 222 116 232 232 

5

Rx97,OnRxDone,-96,-1,50,34,34
0AQ 61 15 152 125 127 31 37 55 29 248 126 15 248 102 131 31
0AQ 242 55 246 253 125 232 111 246 110 183 237 124 176 183 189 197
0AQ 7 120 228 219 28 252 109 125 180 111 118 223 206 

5

Rx98,OnRxDone,-98,-2,50,35,35
0AQ 209 55 61 236 222 183 247 224 135 222 118 240 35 191 193 251
0AQ 132 31 232 29 223 217 35 126 140 111 117 215 199 122 195 91
0AQ 237 125 168 223 217 109 199 111 189 207 71 218 235 

5

Rx99,OnRxDone,-100,-6,50,36,36
0AQ 61 224 55 55 200 109 15 91 124 183 135 125 228 111 224 240
0AQ 199 191 233 219 218 250 48 31 252 155 122 248 251 246 222 234
0AQ 225 223 232 129 127 239 62 224 227 191 179 135 62 

5

Rx100,OnRxDone,-101,-12,50,37,37
0AQ 176 247 54 199 118 30 252 134 241 247 224 17 63 202 119 120
0AQ 196 55 41 110 29 185 243 49 126 95 143 152 189 93 200 131
0AQ 110 221 117 100 184 193 67 191 195 225 239 247 168 

4

221s964:IRQ_CRC_ERROR
Rx101,OnRxDone,-101,-20,50,38,38
0AQ 59 247 100 197 222 209 27 97 249 77 62 192 7 126 167 183
0AQ 57 126 235 3 252 182 238 56 242 161 223 236 208 143 240 109
0AQ 30 249 123 123 228 55 123 155 143 245 160 105 142 

6

Rx102,OnRxTimeout,NA,NA,NA,NA,NA
9

228s177:IRQ_CRC_ERROR
Rx103,OnRxDone,-101,-24,50,38,39
10

Rx104,OnRxDone,-97,-1,50,39,39
0AQ 177 143 252 198 30 120 188 252 30 195 91 111 243 200 31 229
0AQ 119 181 177 245 208 239 181 241 209 191 215 55 242 248 15 253
0AQ 78 239 241 216 119 60 248 183 246 208 227 229 3 

10

Rx105,OnRxDone,-99,-7,11,40,40
0AQ 223 103 231 129 123 111 

10

Rx106,OnRxDone,
New test. SF: 7, CR: 2, Tx Power: 1, Toa: 476 
0

Rx107,OnRxDone,-94,2,255,0,0
0AQ 223 208 219 81 62 54 124 179 143 246 251 43 63 118 246 221
0AQ 221 246 208 15 250 45 61 252 145 239 247 118 31 237 251 188
0AQ 195 135 120 240 155 60 240 29 217 193 223 218 241 197 155 62
0AQ 210 183 26 188 227 224 225 35 111 216 218 120 151 15 244 158
0AQ 71 127 167 225 199 253 230 222 234 1 31 248 219 59 248 33
0AQ 223 234 1 111 120 228 239 238 208 193 209 59 62 206 111 236
0AQ 142 199 126 224 111 237 97 191 171 15 252 219 235 28 252 136
0AQ 55 236 140 191 217 195 190 203 135 249 94 111 246 216 183 29
0AQ 122 203 232 224 219 245 30 112 227 253 30 122 240 251 122 208
0AQ 7 44 190 85 249 1 71 239 184 239 67 252 238 202 135 22
0AQ 119 30 240 157 222 233 3 28 60 252 219 248 16 31 241 187
0AQ 123 208 193 199 252 238 56 118 252 219 251 72 143 255 46 30
0AQ 248 81 223 111 252 205 30 121 231 157 110 59 184 252 136 27
0AQ 119 28 189 245 102 15 204 93 71 127 103 143 254 168 183 220
0AQ 115 199 135 188 243 125 124 156 15 250 62 195 91 89 88 222
0AQ 26 254 246 30 249 33 123 217 125 111 

0

Rx108,OnRxDone,-96,0,255,1,1
0AQ 151 141 62 226 155 117 14 29 188 239 216 226 206 209 223 221
0AQ 99 223 244 136 123 15 250 46 27 71 222 118 252 45 7 115
0AQ 195 193 197 114 249 253 122 225 163 190 79 239 232 241 59 6
0AQ 31 240 134 189 219 134 31 247 190 119 58 112 235 216 71 188
0AQ 237 189 30 242 13 248 64 247 222 226 240 240 1 191 181 226
0AQ 195 15 127 119 217 195 115 71 103 116 244 182 222 240 222 222
0AQ 99 223 84 220 40 23 111 185 231 129 111 187 229 232 222 135
0AQ 248 125 189 221 241 143 249 240 223 214 120 54 186 119 203 198
0AQ 193 143 248 61 61 230 199 251 22 131 111 117 219 35 63 226
0AQ 125 111 52 122 240 198 13 15 255 152 223 202 99 62 110 246
0AQ 6 135 222 244 128 227 223 216 131 247 178 247 123 196 94 241
0AQ 200 155 30 253 155 58 118 239 232 240 59 123 236 222 227 191
0AQ 203 123 125 140 157 239 238 145 31 248 14 198 223 173 243 110
0AQ 135 62 246 59 29 187 51 28 134 111 247 224 239 246 144 183
0AQ 220 113 252 251 60 232 3 150 223 238 17 119 222 231 33 239
0AQ 185 227 163 252 189 251 112 203 247 220 

0

Rx109,OnRxDone,-94,1,255,2,2
0AQ 247 145 127 99 71 110 189 223 99 127 87 31 240 129 223 199
0AQ 227 30 75 113 244 29 30 247 33 111 184 237 158 67 223 230
0AQ 97 63 194 119 249 198 62 206 199 254 214 14 124 236 91 222
0AQ 224 17 135 139 69 222 102 124 240 200 119 250 72 223 44 219
0AQ 122 204 183 251 246 126 3 254 32 253 241 254 219 236 59 249
0AQ 3 242 219 251 238 30 241 163 253 30 222 237 67 190 233 155
0AQ 26 253 145 124 135 227 191 157 7 252 0 223 238 205 70 143
0AQ 63 252 77 194 199 62 246 119 238 17 31 242 174 187 142 127
0AQ 236 111 234 192 7 239 189 81 249 99 252 222 238 8 63 214
0AQ 59 222 229 177 195 247 123 208 189 222 145 239 209 121 196 239
0AQ 237 35 126 151 135 189 235 232 247 10 143 229 142 239 239 67
0AQ 60 240 190 15 244 59 27 190 237 166 71 221 216 120 212 91
0AQ 178 114 56 186 177 183 243 54 31 237 219 141 191 211 135 59
0AQ 250 109 125 152 247 124 99 131 143 188 117 104 249 166 155 142
0AQ 188 233 145 239 187 233 17 223 163 19 126 164 119 189 211 209
0AQ 15 252 110 135 191 91 175 188 113 228 

0

Rx110,OnRxDone,-95,-1,255,3,3
0AQ 77 111 119 52 131 229 226 251 61 244 91 13 30 251 94 143
0AQ 249 184 223 206 209 143 120 224 183 245 224 143 248 54 247 60
0AQ 248 77 119 28 252 81 126 43 189 3 111 248 40 223 225 131
0AQ 124 143 27 62 226 143 241 119 239 65 239 233 60 232 187 245
0AQ 222 235 248 7 221 186 231 248 131 239 185 101 227 129 123 111
0AQ 53 120 240 109 131 27 195 111 243 1 222 49 254 253 125 248
0AQ 111 245 54 31 224 125 111 119 199 71 248 94 143 255 237 237
0AQ 61 252 93 15 253 6 119 61 252 219 148 15 46 151 111 251
0AQ 214 62 218 193 55 120 228 251 248 120 127 255 142 125 179 199
0AQ 124 191 199 188 225 35 126 167 111 228 131 60 60 235 188 197
0AQ 193 199 222 246 81 150 191 173 99 15 126 179 114 248 200 239
0AQ 113 248 45 89 248 145 126 91 239 245 192 197 247 25 125 216
0AQ 71 255 78 6 31 245 145 191 181 225 187 122 143 201 240 222
0AQ 61 31 226 55 214 57 254 1 191 189 131 191 175 143 247 161
0AQ 191 161 15 117 235 219 227 131 124 159 7 124 135 241 209 119
0AQ 123 96 70 223 229 190 199 30 204 178 

0

Rx111,OnRxDone,-95,0,255,4,4
0AQ 55 203 30 245 99 252 109 59 248 195 125 187 247 27 62 242
0AQ 208 55 123 167 143 242 59 250 48 71 71 191 187 143 244 173
0AQ 222 239 1 135 223 42 251 96 223 231 166 7 46 191 197 222
0AQ 59 125 148 199 222 49 122 228 198 251 125 160 111 116 236 183
0AQ 55 120 199 7 152 29 217 187 99 175 204 129 199 190 19 143
0AQ 221 121 187 251 142 190 97 244 208 241 91 222 227 195 189 227
0AQ 157 30 251 190 172 188 115 236 161 217 251 149 119 122 12 127
0AQ 148 239 246 253 29 63 124 219 129 223 219 131 111 13 30 122
0AQ 223 35 222 246 189 125 232 239 240 70 199 63 236 91 221 244
0AQ 144 227 15 255 205 61 228 119 246 94 31 224 199 249 221 141
0AQ 190 221 67 114 199 35 127 115 135 238 29 218 59 58 123 155
0AQ 67 59 59 163 31 239 27 189 211 206 7 122 219 6 183 28
0AQ 249 160 223 87 246 209 126 99 143 121 211 219 60 254 163 126
0AQ 123 199 190 221 240 67 191 69 153 236 129 239 186 227 129 31
0AQ 241 219 187 239 174 71 30 206 222 238 190 195 59 123 143 92
0AQ 126 147 3 31 241 219 251 16 223 239 

0

Rx112,OnRxDone,-95,0,255,5,5
0AQ 173 30 241 65 223 234 125 62 208 187 222 233 205 62 234 123
0AQ 222 232 241 111 202 246 142 44 222 49 122 232 59 189 219 135
0AQ 120 236 77 199 191 215 195 126 103 163 7 30 126 195 222 195
0AQ 190 221 129 239 247 168 7 191 205 177 91 143 56 248 237 221
0AQ 244 232 15 250 189 221 114 232 104 185 120 244 187 109 61 32
0AQ 111 119 100 248 118 197 206 199 251 38 111 240 225 118 222 104
0AQ 231 135 240 155 122 191 157 15 244 155 42 30 252 97 126 91
0AQ 189 199 221 186 225 17 15 31 252 237 123 200 15 245 157 182
0AQ 30 248 205 182 30 254 251 123 208 55 59 252 13 198 31 254
0AQ 205 54 178 15 242 91 123 163 199 253 72 223 237 173 142 253
0AQ 136 191 169 55 11 63 194 55 184 171 252 1 222 213 235 29
0AQ 218 233 221 114 219 129 15 255 110 111 245 184 15 252 253 28
0AQ 251 176 189 206 214 177 223 93 248 224 247 189 205 71 252 205
0AQ 117 30 51 123 163 143 252 251 26 190 227 209 223 234 174 236
0AQ 208 112 99 244 150 199 127 175 155 142 223 120 216 99 223 226
0AQ 29 62 214 157 183 186 235 3 28 253 

0

Rx113,OnRxTimeout,NA,NA,NA,NA,NA
12

248s114:IRQ_CRC_ERROR
Rx114,OnRxDone,-102,-12,255,5,6
20

Rx115,OnRxDone,-96,-2,255,6,6
0AQ 166 14 253 112 7 223 228 205 142 126 204 251 222 231 225 59
0AQ 111 119 104 246 176 55 28 248 46 71 222 116 232 232 61 15
0AQ 152 125 127 31 37 55 29 248 126 15 248 102 131 31 242 55
0AQ 246 253 125 232 111 246 110 183 237 124 176 183 189 197 7 120
0AQ 228 219 28 252 109 125 180 111 118 223 206 209 55 61 236 222
0AQ 183 247 224 135 222 118 240 35 191 193 251 132 31 232 29 223
0AQ 217 35 126 140 111 117 215 199 122 195 91 237 125 168 223 217
0AQ 109 199 111 189 207 71 218 235 61 224 55 55 200 109 15 91
0AQ 124 183 135 125 228 111 224 240 199 191 233 219 218 250 48 31
0AQ 252 155 122 248 251 246 222 234 225 223 232 129 127 239 62 224
0AQ 227 191 179 135 62 176 247 54 199 118 30 252 134 241 247 224
0AQ 17 63 202 119 120 196 55 41 110 29 185 243 49 126 95 143
0AQ 152 189 93 200 131 110 221 117 100 184 193 67 191 195 225 239
0AQ 247 168 59 247 100 197 222 209 27 97 249 77 62 192 7 126
0AQ 167 183 57 126 235 3 252 182 238 56 242 161 223 236 208 143
0AQ 240 109 30 249 123 123 228 55 123 155 

18

Rx116,OnRxDone,-96,-2,61,7,7
0AQ 143 245 192 111 238 177 143 252 198 30 120 188 252 30 195 91
0AQ 111 243 200 31 229 119 181 177 245 208 239 181 241 209 191 215
0AQ 55 242 248 15 253 78 239 241 216 119 60 248 183 246 208 227
0AQ 229 3 223 103 231 129 123 111 

16

Rx117,OnRxDone,
New test. SF: 7, CR: 3, Tx Power: 1, Toa: 552 
0

Rx118,OnRxDone,-97,-2,255,0,0
0AQ 223 208 219 81 62 54 124 179 143 246 251 43 63 118 246 221
0AQ 221 246 208 15 250 45 61 252 145 239 247 118 31 237 251 188
0AQ 195 135 120 240 155 60 240 29 217 193 223 218 241 197 155 62
0AQ 210 183 26 188 227 224 225 35 111 216 218 120 151 15 244 158
0AQ 71 127 167 225 199 253 230 222 234 1 31 248 219 59 248 33
0AQ 223 234 1 111 120 228 239 238 208 193 209 59 62 206 111 236
0AQ 142 199 126 224 111 237 97 191 171 15 252 219 235 28 252 136
0AQ 55 236 140 191 217 195 190 203 135 249 94 111 246 216 183 29
0AQ 122 203 232 224 219 245 30 112 227 253 30 122 240 251 122 208
0AQ 7 44 190 85 249 1 71 239 184 239 67 252 238 202 135 22
0AQ 119 30 240 157 222 233 3 28 60 252 219 248 16 31 241 187
0AQ 123 208 193 199 252 238 56 118 252 219 251 72 143 255 46 30
0AQ 248 81 223 111 252 205 30 121 231 157 110 59 184 252 136 27
0AQ 119 28 189 245 102 15 204 93 71 127 103 143 254 168 183 220
0AQ 115 199 135 188 243 125 124 156 15 250 62 195 91 89 88 222
0AQ 26 254 246 30 249 33 123 217 125 111 

0

Rx119,OnRxDone,-96,-2,255,1,1
0AQ 151 141 62 226 155 117 14 29 188 239 216 226 206 209 223 221
0AQ 99 223 244 136 123 15 250 46 27 71 222 118 252 45 7 115
0AQ 195 193 197 114 249 253 122 225 163 190 79 239 232 241 59 6
0AQ 31 240 134 189 219 134 31 247 190 119 58 112 235 216 71 188
0AQ 237 189 30 242 13 248 64 247 222 226 240 240 1 191 181 226
0AQ 195 15 127 119 217 195 115 71 103 116 244 182 222 240 222 222
0AQ 99 223 84 220 40 23 111 185 231 129 111 187 229 232 222 135
0AQ 248 125 189 221 241 143 249 240 223 214 120 54 186 119 203 198
0AQ 193 143 248 61 61 230 199 251 22 131 111 117 219 35 63 226
0AQ 125 111 52 122 240 198 13 15 255 152 223 202 99 62 110 246
0AQ 6 135 222 244 128 227 223 216 131 247 178 247 123 196 94 241
0AQ 200 155 30 253 155 58 118 239 232 240 59 123 236 222 227 191
0AQ 203 123 125 140 157 239 238 145 31 248 14 198 223 173 243 110
0AQ 135 62 246 59 29 187 51 28 134 111 247 224 239 246 144 183
0AQ 220 113 252 251 60 232 3 150 223 238 17 119 222 231 33 239
0AQ 185 227 163 252 189 251 112 203 247 220 

0

Rx120,OnRxDone,-96,0,255,2,2
0AQ 247 145 127 99 71 110 189 223 99 127 87 31 240 129 223 199
0AQ 227 30 75 113 244 29 30 247 33 111 184 237 158 67 223 230
0AQ 97 63 194 119 249 198 62 206 199 254 214 14 124 236 91 222
0AQ 224 17 135 139 69 222 102 124 240 200 119 250 72 223 44 219
0AQ 122 204 183 251 246 126 3 254 32 253 241 254 219 236 59 249
0AQ 3 242 219 251 238 30 241 163 253 30 222 237 67 190 233 155
0AQ 26 253 145 124 135 227 191 157 7 252 0 223 238 205 70 143
0AQ 63 252 77 194 199 62 246 119 238 17 31 242 174 187 142 127
0AQ 236 111 234 192 7 239 189 81 249 99 252 222 238 8 63 214
0AQ 59 222 229 177 195 247 123 208 189 222 145 239 209 121 196 239
0AQ 237 35 126 151 135 189 235 232 247 10 143 229 142 239 239 67
0AQ 60 240 190 15 244 59 27 190 237 166 71 221 216 120 212 91
0AQ 178 114 56 186 177 183 243 54 31 237 219 141 191 211 135 59
0AQ 250 109 125 152 247 124 99 131 143 188 117 104 249 166 155 142
0AQ 188 233 145 239 187 233 17 223 163 19 126 164 119 189 211 209
0AQ 15 252 110 135 191 91 175 188 113 228 

0

Rx121,OnRxDone,-95,0,255,3,3
0AQ 77 111 119 52 131 229 226 251 61 244 91 13 30 251 94 143
0AQ 249 184 223 206 209 143 120 224 183 245 224 143 248 54 247 60
0AQ 248 77 119 28 252 81 126 43 189 3 111 248 40 223 225 131
0AQ 124 143 27 62 226 143 241 119 239 65 239 233 60 232 187 245
0AQ 222 235 248 7 221 186 231 248 131 239 185 101 227 129 123 111
0AQ 53 120 240 109 131 27 195 111 243 1 222 49 254 253 125 248
0AQ 111 245 54 31 224 125 111 119 199 71 248 94 143 255 237 237
0AQ 61 252 93 15 253 6 119 61 252 219 148 15 46 151 111 251
0AQ 214 62 218 193 55 120 228 251 248 120 127 255 142 125 179 199
0AQ 124 191 199 188 225 35 126 167 111 228 131 60 60 235 188 197
0AQ 193 199 222 246 81 150 191 173 99 15 126 179 114 248 200 239
0AQ 113 248 45 89 248 145 126 91 239 245 192 197 247 25 125 216
0AQ 71 255 78 6 31 245 145 191 181 225 187 122 143 201 240 222
0AQ 61 31 226 55 214 57 254 1 191 189 131 191 175 143 247 161
0AQ 191 161 15 117 235 219 227 131 124 159 7 124 135 241 209 119
0AQ 123 96 70 223 229 190 199 30 204 178 

0

Rx122,OnRxDone,-94,1,255,4,4
0AQ 55 203 30 245 99 252 109 59 248 195 125 187 247 27 62 242
0AQ 208 55 123 167 143 242 59 250 48 71 71 191 187 143 244 173
0AQ 222 239 1 135 223 42 251 96 223 231 166 7 46 191 197 222
0AQ 59 125 148 199 222 49 122 228 198 251 125 160 111 116 236 183
0AQ 55 120 199 7 152 29 217 187 99 175 204 129 199 190 19 143
0AQ 221 121 187 251 142 190 97 244 208 241 91 222 227 195 189 227
0AQ 157 30 251 190 172 188 115 236 161 217 251 149 119 122 12 127
0AQ 148 239 246 253 29 63 124 219 129 223 219 131 111 13 30 122
0AQ 223 35 222 246 189 125 232 239 240 70 199 63 236 91 221 244
0AQ 144 227 15 255 205 61 228 119 246 94 31 224 199 249 221 141
0AQ 190 221 67 114 199 35 127 115 135 238 29 218 59 58 123 155
0AQ 67 59 59 163 31 239 27 189 211 206 7 122 219 6 183 28
0AQ 249 160 223 87 246 209 126 99 143 121 211 219 60 254 163 126
0AQ 123 199 190 221 240 67 191 69 153 236 129 239 186 227 129 31
0AQ 241 219 187 239 174 71 30 206 222 238 190 195 59 123 143 92
0AQ 126 147 3 31 241 219 251 16 223 239 

0

Rx123,OnRxDone,-92,4,255,5,5
0AQ 173 30 241 65 223 234 125 62 208 187 222 233 205 62 234 123
0AQ 222 232 241 111 202 246 142 44 222 49 122 232 59 189 219 135
0AQ 120 236 77 199 191 215 195 126 103 163 7 30 126 195 222 195
0AQ 190 221 129 239 247 168 7 191 205 177 91 143 56 248 237 221
0AQ 244 232 15 250 189 221 114 232 104 185 120 244 187 109 61 32
0AQ 111 119 100 248 118 197 206 199 251 38 111 240 225 118 222 104
0AQ 231 135 240 155 122 191 157 15 244 155 42 30 252 97 126 91
0AQ 189 199 221 186 225 17 15 31 252 237 123 200 15 245 157 182
0AQ 30 248 205 182 30 254 251 123 208 55 59 252 13 198 31 254
0AQ 205 54 178 15 242 91 123 163 199 253 72 223 237 173 142 253
0AQ 136 191 169 55 11 63 194 55 184 171 252 1 222 213 235 29
0AQ 218 233 221 114 219 129 15 255 110 111 245 184 15 252 253 28
0AQ 251 176 189 206 214 177 223 93 248 224 247 189 205 71 252 205
0AQ 117 30 51 123 163 143 252 251 26 190 227 209 223 234 174 236
0AQ 208 112 99 244 150 199 127 175 155 142 223 120 216 99 223 226
0AQ 29 62 214 157 183 186 235 3 28 253 

0

Rx124,OnRxDone,-92,5,255,6,6
0AQ 166 14 253 112 7 223 228 205 142 126 204 251 222 231 225 59
0AQ 111 119 104 246 176 55 28 248 46 71 222 116 232 232 61 15
0AQ 152 125 127 31 37 55 29 248 126 15 248 102 131 31 242 55
0AQ 246 253 125 232 111 246 110 183 237 124 176 183 189 197 7 120
0AQ 228 219 28 252 109 125 180 111 118 223 206 209 55 61 236 222
0AQ 183 247 224 135 222 118 240 35 191 193 251 132 31 232 29 223
0AQ 217 35 126 140 111 117 215 199 122 195 91 237 125 168 223 217
0AQ 109 199 111 189 207 71 218 235 61 224 55 55 200 109 15 91
0AQ 124 183 135 125 228 111 224 240 199 191 233 219 218 250 48 31
0AQ 252 155 122 248 251 246 222 234 225 223 232 129 127 239 62 224
0AQ 227 191 179 135 62 176 247 54 199 118 30 252 134 241 247 224
0AQ 17 63 202 119 120 196 55 41 110 29 185 243 49 126 95 143
0AQ 152 189 93 200 131 110 221 117 100 184 193 67 191 195 225 239
0AQ 247 168 59 247 100 197 222 209 27 97 249 77 62 192 7 126
0AQ 167 183 57 126 235 3 252 182 238 56 242 161 223 236 208 143
0AQ 240 109 30 249 123 123 228 55 123 155 

0

Rx125,OnRxDone,-92,4,61,7,7
0AQ 143 245 192 111 238 177 143 252 198 30 120 188 252 30 195 91
0AQ 111 243 200 31 229 119 181 177 245 208 239 181 241 209 191 215
0AQ 55 242 248 15 253 78 239 241 216 119 60 248 183 246 208 227
0AQ 229 3 223 103 231 129 123 111 

0

Rx126,OnRxDone,
New test. SF: 7, CR: 4, Tx Power: 1, Toa: 627 
0

Rx127,OnRxDone,-95,1,255,0,0
0AQ 223 208 219 81 62 54 124 179 143 246 251 43 63 118 246 221
0AQ 221 246 208 15 250 45 61 252 145 239 247 118 31 237 251 188
0AQ 195 135 120 240 155 60 240 29 217 193 223 218 241 197 155 62
0AQ 210 183 26 188 227 224 225 35 111 216 218 120 151 15 244 158
0AQ 71 127 167 225 199 253 230 222 234 1 31 248 219 59 248 33
0AQ 223 234 1 111 120 228 239 238 208 193 209 59 62 206 111 236
0AQ 142 199 126 224 111 237 97 191 171 15 252 219 235 28 252 136
0AQ 55 236 140 191 217 195 190 203 135 249 94 111 246 216 183 29
0AQ 122 203 232 224 219 245 30 112 227 253 30 122 240 251 122 208
0AQ 7 44 190 85 249 1 71 239 184 239 67 252 238 202 135 22
0AQ 119 30 240 157 222 233 3 28 60 252 219 248 16 31 241 187
0AQ 123 208 193 199 252 238 56 118 252 219 251 72 143 255 46 30
0AQ 248 81 223 111 252 205 30 121 231 157 110 59 184 252 136 27
0AQ 119 28 189 245 102 15 204 93 71 127 103 143 254 168 183 220
0AQ 115 199 135 188 243 125 124 156 15 250 62 195 91 89 88 222
0AQ 26 254 246 30 249 33 123 217 125 111 

0

Rx128,OnRxDone,-95,2,255,1,1
0AQ 151 141 62 226 155 117 14 29 188 239 216 226 206 209 223 221
0AQ 99 223 244 136 123 15 250 46 27 71 222 118 252 45 7 115
0AQ 195 193 197 114 249 253 122 225 163 190 79 239 232 241 59 6
0AQ 31 240 134 189 219 134 31 247 190 119 58 112 235 216 71 188
0AQ 237 189 30 242 13 248 64 247 222 226 240 240 1 191 181 226
0AQ 195 15 127 119 217 195 115 71 103 116 244 182 222 240 222 222
0AQ 99 223 84 220 40 23 111 185 231 129 111 187 229 232 222 135
0AQ 248 125 189 221 241 143 249 240 223 214 120 54 186 119 203 198
0AQ 193 143 248 61 61 230 199 251 22 131 111 117 219 35 63 226
0AQ 125 111 52 122 240 198 13 15 255 152 223 202 99 62 110 246
0AQ 6 135 222 244 128 227 223 216 131 247 178 247 123 196 94 241
0AQ 200 155 30 253 155 58 118 239 232 240 59 123 236 222 227 191
0AQ 203 123 125 140 157 239 238 145 31 248 14 198 223 173 243 110
0AQ 135 62 246 59 29 187 51 28 134 111 247 224 239 246 144 183
0AQ 220 113 252 251 60 232 3 150 223 238 17 119 222 231 33 239
0AQ 185 227 163 252 189 251 112 203 247 220 

0

Rx129,OnRxDone,-98,-5,255,2,2
0AQ 247 145 127 99 71 110 189 223 99 127 87 31 240 129 223 199
0AQ 227 30 75 113 244 29 30 247 33 111 184 237 158 67 223 230
0AQ 97 63 194 119 249 198 62 206 199 254 214 14 124 236 91 222
0AQ 224 17 135 139 69 222 102 124 240 200 119 250 72 223 44 219
0AQ 122 204 183 251 246 126 3 254 32 253 241 254 219 236 59 249
0AQ 3 242 219 251 238 30 241 163 253 30 222 237 67 190 233 155
0AQ 26 253 145 124 135 227 191 157 7 252 0 223 238 205 70 143
0AQ 63 252 77 194 199 62 246 119 238 17 31 242 174 187 142 127
0AQ 236 111 234 192 7 239 189 81 249 99 252 222 238 8 63 214
0AQ 59 222 229 177 195 247 123 208 189 222 145 239 209 121 196 239
0AQ 237 35 126 151 135 189 235 232 247 10 143 229 142 239 239 67
0AQ 60 240 190 15 244 59 27 190 237 166 71 221 216 120 212 91
0AQ 178 114 56 186 177 183 243 54 31 237 219 141 191 211 135 59
0AQ 250 109 125 152 247 124 99 131 143 188 117 104 249 166 155 142
0AQ 188 233 145 239 187 233 17 223 163 19 126 164 119 189 211 209
0AQ 15 252 110 135 191 91 175 188 113 228 

0

Rx130,OnRxTimeout,NA,NA,NA,NA,NA
20

263s618:IRQ_CRC_ERROR
Rx131,OnRxDone,-101,-12,255,2,3
28

Rx132,OnRxDone,-96,-1,255,3,3
0AQ 77 111 119 52 131 229 226 251 61 244 91 13 30 251 94 143
0AQ 249 184 223 206 209 143 120 224 183 245 224 143 248 54 247 60
0AQ 248 77 119 28 252 81 126 43 189 3 111 248 40 223 225 131
0AQ 124 143 27 62 226 143 241 119 239 65 239 233 60 232 187 245
0AQ 222 235 248 7 221 186 231 248 131 239 185 101 227 129 123 111
0AQ 53 120 240 109 131 27 195 111 243 1 222 49 254 253 125 248
0AQ 111 245 54 31 224 125 111 119 199 71 248 94 143 255 237 237
0AQ 61 252 93 15 253 6 119 61 252 219 148 15 46 151 111 251
0AQ 214 62 218 193 55 120 228 251 248 120 127 255 142 125 179 199
0AQ 124 191 199 188 225 35 126 167 111 228 131 60 60 235 188 197
0AQ 193 199 222 246 81 150 191 173 99 15 126 179 114 248 200 239
0AQ 113 248 45 89 248 145 126 91 239 245 192 197 247 25 125 216
0AQ 71 255 78 6 31 245 145 191 181 225 187 122 143 201 240 222
0AQ 61 31 226 55 214 57 254 1 191 189 131 191 175 143 247 161
0AQ 191 161 15 117 235 219 227 131 124 159 7 124 135 241 209 119
0AQ 123 96 70 223 229 190 199 30 204 178 

25

Rx133,OnRxDone,-98,-5,255,4,4
0AQ 55 203 30 245 99 252 109 59 248 195 125 187 247 27 62 242
0AQ 208 55 123 167 143 242 59 250 48 71 71 191 187 143 244 173
0AQ 222 239 1 135 223 42 251 96 223 231 166 7 46 191 197 222
0AQ 59 125 148 199 222 49 122 228 198 251 125 160 111 116 236 183
0AQ 55 120 199 7 152 29 217 187 99 175 204 129 199 190 19 143
0AQ 221 121 187 251 142 190 97 244 208 241 91 222 227 195 189 227
0AQ 157 30 251 190 172 188 115 236 161 217 251 149 119 122 12 127
0AQ 148 239 246 253 29 63 124 219 129 223 219 131 111 13 30 122
0AQ 223 35 222 246 189 125 232 239 240 70 199 63 236 91 221 244
0AQ 144 227 15 255 205 61 228 119 246 94 31 224 199 249 221 141
0AQ 190 221 67 114 199 35 127 115 135 238 29 218 59 58 123 155
0AQ 67 59 59 163 31 239 27 189 211 206 7 122 219 6 183 28
0AQ 249 160 223 87 246 209 126 99 143 121 211 219 60 254 163 126
0AQ 123 199 190 221 240 67 191 69 153 236 129 239 186 227 129 31
0AQ 241 219 187 239 174 71 30 206 222 238 190 195 59 123 143 92
0AQ 126 147 3 31 241 219 251 16 223 239 

22

Rx134,OnRxTimeout,NA,NA,NA,NA,NA
30

269s875:IRQ_CRC_ERROR
Rx135,OnRxDone,-101,-12,255,4,5
33

Rx136,OnRxDone,-93,2,255,5,5
0AQ 173 30 241 65 223 234 125 62 208 187 222 233 205 62 234 123
0AQ 222 232 241 111 202 246 142 44 222 49 122 232 59 189 219 135
0AQ 120 236 77 199 191 215 195 126 103 163 7 30 126 195 222 195
0AQ 190 221 129 239 247 168 7 191 205 177 91 143 56 248 237 221
0AQ 244 232 15 250 189 221 114 232 104 185 120 244 187 109 61 32
0AQ 111 119 100 248 118 197 206 199 251 38 111 240 225 118 222 104
0AQ 231 135 240 155 122 191 157 15 244 155 42 30 252 97 126 91
0AQ 189 199 221 186 225 17 15 31 252 237 123 200 15 245 157 182
0AQ 30 248 205 182 30 254 251 123 208 55 59 252 13 198 31 254
0AQ 205 54 178 15 242 91 123 163 199 253 72 223 237 173 142 253
0AQ 136 191 169 55 11 63 194 55 184 171 252 1 222 213 235 29
0AQ 218 233 221 114 219 129 15 255 110 111 245 184 15 252 253 28
0AQ 251 176 189 206 214 177 223 93 248 224 247 189 205 71 252 205
0AQ 117 30 51 123 163 143 252 251 26 190 227 209 223 234 174 236
0AQ 208 112 99 244 150 199 127 175 155 142 223 120 216 99 223 226
0AQ 29 62 214 157 183 186 235 3 28 253 

30

Rx137,OnRxDone,-95,1,255,6,6
0AQ 166 14 253 112 7 223 228 205 142 126 204 251 222 231 225 59
0AQ 111 119 104 246 176 55 28 248 46 71 222 116 232 232 61 15
0AQ 152 125 127 31 37 55 29 248 126 15 248 102 131 31 242 55
0AQ 246 253 125 232 111 246 110 183 237 124 176 183 189 197 7 120
0AQ 228 219 28 252 109 125 180 111 118 223 206 209 55 61 236 222
0AQ 183 247 224 135 222 118 240 35 191 193 251 132 31 232 29 223
0AQ 217 35 126 140 111 117 215 199 122 195 91 237 125 168 223 217
0AQ 109 199 111 189 207 71 218 235 61 224 55 55 200 109 15 91
0AQ 124 183 135 125 228 111 224 240 199 191 233 219 218 250 48 31
0AQ 252 155 122 248 251 246 222 234 225 223 232 129 127 239 62 224
0AQ 227 191 179 135 62 176 247 54 199 118 30 252 134 241 247 224
0AQ 17 63 202 119 120 196 55 41 110 29 185 243 49 126 95 143
0AQ 152 189 93 200 131 110 221 117 100 184 193 67 191 195 225 239
0AQ 247 168 59 247 100 197 222 209 27 97 249 77 62 192 7 126
0AQ 167 183 57 126 235 3 252 182 238 56 242 161 223 236 208 143
0AQ 240 109 30 249 123 123 228 55 123 155 

28

Rx138,OnRxDone,-97,-2,61,7,7
0AQ 143 245 192 111 238 177 143 252 198 30 120 188 252 30 195 91
0AQ 111 243 200 31 229 119 181 177 245 208 239 181 241 209 191 215
0AQ 55 242 248 15 253 78 239 241 216 119 60 248 183 246 208 227
0AQ 229 3 223 103 231 129 123 111 

26

Rx139,OnRxTimeout,NA,NA,NA,NA,NA
31

276s110:IRQ_CRC_ERROR
Rx140,OnRxDone,-101,-12,61,7,0
33

Rx141,OnRxDone,
New test. SF: 7, CR: 1, Tx Power: 3, Toa: 400 
0

Rx142,OnRxTimeout,NA,NA,NA,NA,NA
50

Rx143,OnRxTimeout,NA,NA,NA,NA,NA
66

285s596:IRQ_CRC_ERROR
Rx144,OnRxDone,-101,-12,255,0,0
0AQ 223 208 219 81 62 54 124 179 143 246 251 43 63 118 246 221
0AQ 221 246 208 15 250 45 61 124 144 239 247 118 31 237 251 188
0AQ 195 135 120 240 155 60 240 29 217 193 223 218 241 197 155 254
0AQ 210 255 18 57 166 127 126 44 182 50 38 37 144 161 151 201
0AQ 191 9 46 249 194 108 94 241 255 85 38 202 44 177 218 55
0AQ 205 156 89 50 30 91 187 35 203 207 197 93 208 188 218 55
0AQ 237 233 220 87 73 230 4 0 131 108 39 244 106 150 184 112
0AQ 167 109 182 6 48 73 170 142 46 206 26 245 86 165 112 153
0AQ 87 204 61 99 90 211 73 135 46 23 192 65 251 133 81 79
0AQ 195 142 137 116 62 216 167 167 83 209 10 48 70 230 52 128
0AQ 108 19 88 186 236 254 224 165 65 83 64 178 122 248 182 169
0AQ 193 3 86 47 138 94 43 84 19 178 243 64 89 93 180 196
0AQ 252 245 180 76 82 109 96 242 172 220 16 159 168 218 23 103
0AQ 156 137 228 247 247 64 83 187 28 205 248 249 247 170 211 39
0AQ 41 207 169 182 203 218 178 63 32 49 234 219 186 168 242 15
0AQ 111 232 109 226 99 25 178 213 116 170 

60

Rx145,OnRxTimeout,NA,NA,NA,NA,NA
66

Rx146,OnRxTimeout,NA,NA,NA,NA,NA
71

Rx147,OnRxTimeout,NA,NA,NA,NA,NA
75

Rx148,OnRxTimeout,NA,NA,NA,NA,NA
77

302s596:IRQ_CRC_ERROR
Rx149,OnRxDone,-102,-11,255,1,1
0AQ 151 141 62 226 155 117 14 29 188 239 216 226 206 209 223 221
0AQ 99 223 244 136 123 15 250 46 27 71 222 118 252 45 7 115
0AQ 195 193 197 114 249 253 122 225 163 190 79 239 232 241 59 134
0AQ 147 176 130 109 42 159 38 59 189 243 48 208 142 32 194 22
0AQ 218 33 232 146 28 28 185 127 206 198 247 164 128 233 50 6
0AQ 217 4 243 227 248 71 134 192 174 82 181 98 187 14 14 82
0AQ 231 90 127 204 58 2 104 208 139 233 204 152 221 95 60 188
0AQ 128 74 11 0 32 211 81 149 79 115 38 233 227 92 194 217
0AQ 44 172 251 32 113 156 23 166 101 220 155 172 169 100 8 114
0AQ 65 218 22 151 170 248 112 43 201 53 143 29 220 229 85 1
0AQ 6 10 207 38 152 217 222 127 211 86 238 186 23 191 20 230
0AQ 8 96 192 136 189 100 152 58 5 16 21 3 133 34 81 145
0AQ 0 141 29 138 237 238 247 173 230 137 97 80 202 171 191 120
0AQ 46 216 125 49 126 177 11 27 123 80 226 177 250 145 138 202
0AQ 45 29 88 21 44 200 43 28 183 83 16 144 61 34 90 164
0AQ 78 57 149 254 56 185 216 12 227 139 

72

303s263:IRQ_CRC_ERROR
Rx150,OnRxDone,-101,-9,255,2,2
0AQ 247 145 127 99 71 110 189 223 99 127 87 31 240 129 223 199
0AQ 227 30 75 113 244 29 30 247 33 111 184 237 158 67 223 230
0AQ 97 63 194 119 249 198 62 206 199 254 214 14 124 236 91 222
0AQ 224 17 135 139 69 222 102 124 240 200 119 250 72 223 44 219
0AQ 122 204 183 251 246 126 3 254 32 253 241 254 219 236 59 249
0AQ 3 242 219 251 238 30 241 163 253 30 222 237 67 190 233 155
0AQ 26 253 145 124 135 227 191 157 7 252 0 223 238 205 70 143
0AQ 63 252 77 194 199 62 246 119 238 17 31 242 174 187 142 127
0AQ 236 111 234 192 7 239 189 81 249 99 252 222 238 8 63 214
0AQ 59 222 229 177 195 247 123 208 189 222 145 239 209 121 196 239
0AQ 237 35 126 151 135 189 235 232 247 10 143 229 142 239 239 67
0AQ 60 240 190 15 244 59 27 190 237 166 71 221 216 120 212 91
0AQ 178 114 56 186 177 183 243 54 31 237 219 141 191 211 167 59
0AQ 250 109 125 152 247 124 99 131 143 188 117 104 249 166 155 142
0AQ 188 233 161 220 139 234 17 223 163 19 126 44 127 189 211 209
0AQ 15 252 110 135 191 91 175 188 113 228 

69

303s930:IRQ_CRC_ERROR
Rx151,OnRxDone,-102,-10,255,3,3
0AQ 77 111 119 52 131 229 226 251 61 244 91 13 30 251 94 143
0AQ 249 184 223 206 209 143 120 224 183 245 224 143 248 54 247 60
0AQ 248 77 119 28 252 81 126 43 189 3 111 248 40 223 225 131
0AQ 124 143 27 62 226 143 241 119 239 65 239 233 60 232 187 245
0AQ 222 235 248 7 221 186 231 248 131 239 185 101 227 129 123 111
0AQ 53 120 240 109 131 27 195 111 243 1 222 59 94 253 125 248
0AQ 111 245 54 31 224 125 111 119 199 71 248 94 143 255 237 237
0AQ 61 252 93 15 253 6 119 61 252 219 148 15 46 151 111 251
0AQ 214 62 218 193 55 120 228 251 248 120 127 255 142 125 179 199
0AQ 124 191 199 188 225 35 114 103 99 228 131 60 60 235 188 197
0AQ 193 199 222 246 81 150 191 173 99 15 126 179 114 248 200 239
0AQ 113 248 45 89 248 145 126 91 239 245 192 197 247 25 125 216
0AQ 71 255 78 6 31 245 145 191 181 225 187 122 143 201 240 222
0AQ 61 31 226 55 214 57 254 1 191 189 131 191 175 143 247 161
0AQ 191 161 15 117 235 219 227 131 124 159 7 124 135 241 209 113
0AQ 123 96 70 223 229 190 199 30 204 178 

66

1s782:IRQ_CRC_ERROR
Rx0,OnRxDone,-104,-12,255,21,0
50

Rx1,OnRxTimeout,NA,NA,NA,NA,NA
66

6s675:IRQ_CRC_ERROR
Rx2,OnRxDone,-103,-12,255,5,0
60

Rx3,OnRxDone,-97,0,255,6,0
50

Rx4,OnRxDone,-98,0,61,7,0
42

Rx5,OnRxDone,
New test. SF: 8, CR: 1, Tx Power: 1, Toa: 708 
0

Rx6,OnRxTimeout,NA,NA,NA,NA,NA
50

Rx7,OnRxTimeout,NA,NA,NA,NA,NA
66

Rx8,OnRxTimeout,NA,NA,NA,NA,NA
75

Rx9,OnRxTimeout,NA,NA,NA,NA,NA
80

Rx10,OnRxTimeout,NA,NA,NA,NA,NA
83

Rx11,OnRxTimeout,NA,NA,NA,NA,NA
85

Rx12,OnRxTimeout,NA,NA,NA,NA,NA
87

