Rx19,OnRxTimeout,NA,NA,NA,NA,NA
91

Rx20,OnRxTimeout,NA,NA,NA,NA,NA
92

Rx21,OnRxTimeout,NA,NA,NA,NA,NA
92

Rx22,OnRxTimeout,NA,NA,NA,NA,NA
93

Rx23,OnRxTimeout,NA,NA,NA,NA,NA
93

Rx24,OnRxTimeout,NA,NA,NA,NA,NA
94

Rx25,OnRxTimeout,NA,NA,NA,NA,NA
94

Rx26,OnRxTimeout,NA,NA,NA,NA,NA
94

Rx27,OnRxTimeout,NA,NA,NA,NA,NA
95

Rx28,OnRxTimeout,NA,NA,NA,NA,NA
95

Rx29,OnRxTimeout,NA,NA,NA,NA,NA
95

Rx30,OnRxTimeout,NA,NA,NA,NA,NA
95


New test. SF: 7, CR: 1, Tx Power: 1, Toa: 400 
3s635:IRQ_CRC_ERROR
Rx0,OnRxDone,-101,-12,255,0,0
0AQ 223 208 219 81 62 54 124 179 143 246 251 43 63 118 246 221
0AQ 221 246 208 15 250 45 61 252 145 239 247 118 31 237 251 188
0AQ 195 135 120 240 155 60 240 29 217 193 223 218 241 197 155 190
0AQ 150 63 90 75 218 98 17 92 18 211 127 124 26 16 74 91
0AQ 217 144 128 166 176 211 91 243 195 91 105 6 133 29 199 37
0AQ 141 131 96 21 250 220 226 204 131 77 46 217 44 36 89 188
0AQ 148 30 178 206 221 128 118 192 30 209 243 204 5 186 19 199
0AQ 226 200 9 93 63 169 130 66 117 151 111 46 187 108 210 28
0AQ 84 34 130 126 243 231 11 182 116 4 5 66 93 23 236 171
0AQ 132 208 45 216 46 136 109 90 179 98 15 158 21 70 130 74
0AQ 159 149 192 186 202 182 75 93 23 86 188 32 147 32 201 206
0AQ 94 26 53 25 152 28 75 95 17 233 121 247 22 237 27 58
0AQ 159 217 139 216 204 29 179 29 237 124 165 97 90 76 239 127
0AQ 228 223 38 213 95 3 248 184 114 219 167 15 166 237 163 10
0AQ 189 200 57 109 34 66 163 254 33 176 175 2 26 3 124 136
0AQ 254 42 9 143 221 173 197 119 123 213 

50

Rx1,OnRxDone,-94,4,255,1,1
0AQ 151 141 62 226 155 117 14 29 188 239 216 226 206 209 223 221
0AQ 99 223 244 136 123 15 250 46 27 71 222 118 252 45 7 115
0AQ 195 193 197 114 249 253 122 225 163 190 79 239 232 241 59 6
0AQ 31 240 134 189 219 134 31 247 190 119 58 112 235 216 71 188
0AQ 237 189 30 242 13 248 64 247 222 226 240 240 1 191 181 226
0AQ 195 15 127 119 217 195 115 71 103 116 244 182 222 240 222 222
0AQ 99 223 84 220 40 23 111 185 231 129 111 187 229 232 222 135
0AQ 248 125 189 221 241 143 249 240 223 214 120 54 186 119 203 198
0AQ 193 143 248 61 61 230 199 251 22 131 111 117 219 35 63 226
0AQ 125 111 52 122 240 198 13 15 255 152 223 202 99 62 110 246
0AQ 6 135 222 244 128 227 223 216 131 247 178 247 123 196 94 241
0AQ 200 155 30 253 155 58 118 239 232 240 59 123 236 222 227 191
0AQ 203 123 125 140 157 239 238 145 31 248 14 198 223 173 243 110
0AQ 135 62 246 59 29 187 51 28 134 111 247 224 239 246 144 183
0AQ 220 113 252 251 60 232 3 150 223 238 17 119 222 231 33 239
0AQ 185 227 163 252 189 251 112 203 247 220 

33

Rx2,OnRxDone,-93,5,255,2,2
0AQ 247 145 127 99 71 110 189 223 99 127 87 31 240 129 223 199
0AQ 227 30 75 113 244 29 30 247 33 111 184 237 158 67 223 230
0AQ 97 63 194 119 249 198 62 206 199 254 214 14 124 236 91 222
0AQ 224 17 135 139 69 222 102 124 240 200 119 250 72 223 44 219
0AQ 122 204 183 251 246 126 3 254 32 253 241 254 219 236 59 249
0AQ 3 242 219 251 238 30 241 163 253 30 222 237 67 190 233 155
0AQ 26 253 145 124 135 227 191 157 7 252 0 223 238 205 70 143
0AQ 63 252 77 194 199 62 246 119 238 17 31 242 174 187 142 127
0AQ 236 111 234 192 7 239 189 81 249 99 252 222 238 8 63 214
0AQ 59 222 229 177 195 247 123 208 189 222 145 239 209 121 196 239
0AQ 237 35 126 151 135 189 235 232 247 10 143 229 142 239 239 67
0AQ 60 240 190 15 244 59 27 190 237 166 71 221 216 120 212 91
0AQ 178 114 56 186 177 183 243 54 31 237 219 141 191 211 135 59
0AQ 250 109 125 152 247 124 99 131 143 188 117 104 249 166 155 142
0AQ 188 233 145 239 187 233 17 223 163 19 126 164 119 189 211 209
0AQ 15 252 110 135 191 91 175 188 113 228 

25

Rx3,OnRxDone,-94,5,255,3,3
0AQ 77 111 119 52 131 229 226 251 61 244 91 13 30 251 94 143
0AQ 249 184 223 206 209 143 120 224 183 245 224 143 248 54 247 60
0AQ 248 77 119 28 252 81 126 43 189 3 111 248 40 223 225 131
0AQ 124 143 27 62 226 143 241 119 239 65 239 233 60 232 187 245
0AQ 222 235 248 7 221 186 231 248 131 239 185 101 227 129 123 111
0AQ 53 120 240 109 131 27 195 111 243 1 222 49 254 253 125 248
0AQ 111 245 54 31 224 125 111 119 199 71 248 94 143 255 237 237
0AQ 61 252 93 15 253 6 119 61 252 219 148 15 46 151 111 251
0AQ 214 62 218 193 55 120 228 251 248 120 127 255 142 125 179 199
0AQ 124 191 199 188 225 35 126 167 111 228 131 60 60 235 188 197
0AQ 193 199 222 246 81 150 191 173 99 15 126 179 114 248 200 239
0AQ 113 248 45 89 248 145 126 91 239 245 192 197 247 25 125 216
0AQ 71 255 78 6 31 245 145 191 181 225 187 122 143 201 240 222
0AQ 61 31 226 55 214 57 254 1 191 189 131 191 175 143 247 161
0AQ 191 161 15 117 235 219 227 131 124 159 7 124 135 241 209 119
0AQ 123 96 70 223 229 190 199 30 204 178 

20

Rx4,OnRxDone,-94,5,255,4,4
0AQ 55 203 30 245 99 252 109 59 248 195 125 187 247 27 62 242
0AQ 208 55 123 167 143 242 59 250 48 71 71 191 187 143 244 173
0AQ 222 239 1 135 223 42 251 96 223 231 166 7 46 191 197 222
0AQ 59 125 148 199 222 49 122 228 198 251 125 160 111 116 236 183
0AQ 55 120 199 7 152 29 217 187 99 175 204 129 199 190 19 143
0AQ 221 121 187 251 142 190 97 244 208 241 91 222 227 195 189 227
0AQ 157 30 251 190 172 188 115 236 161 217 251 149 119 122 12 127
0AQ 148 239 246 253 29 63 124 219 129 223 219 131 111 13 30 122
0AQ 223 35 222 246 189 125 232 239 240 70 199 63 236 91 221 244
0AQ 144 227 15 255 205 61 228 119 246 94 31 224 199 249 221 141
0AQ 190 221 67 114 199 35 127 115 135 238 29 218 59 58 123 155
0AQ 67 59 59 163 31 239 27 189 211 206 7 122 219 6 183 28
0AQ 249 160 223 87 246 209 126 99 143 121 211 219 60 254 163 126
0AQ 123 199 190 221 240 67 191 69 153 236 129 239 186 227 129 31
0AQ 241 219 187 239 174 71 30 206 222 238 190 195 59 123 143 92
0AQ 126 147 3 31 241 219 251 16 223 239 

16

Rx5,OnRxDone,-95,5,255,5,5
0AQ 173 30 241 65 223 234 125 62 208 187 222 233 205 62 234 123
0AQ 222 232 241 111 202 246 142 44 222 49 122 232 59 189 219 135
0AQ 120 236 77 199 191 215 195 126 103 163 7 30 126 195 222 195
0AQ 190 221 129 239 247 168 7 191 205 177 91 143 56 248 237 221
0AQ 244 232 15 250 189 221 114 232 104 185 120 244 187 109 61 32
0AQ 111 119 100 248 118 197 206 199 251 38 111 240 225 118 222 104
0AQ 231 135 240 155 122 191 157 15 244 155 42 30 252 97 126 91
0AQ 189 199 221 186 225 17 15 31 252 237 123 200 15 245 157 182
0AQ 30 248 205 182 30 254 251 123 208 55 59 252 13 198 31 254
0AQ 205 54 178 15 242 91 123 163 199 253 72 223 237 173 142 253
0AQ 136 191 169 55 11 63 194 55 184 171 252 1 222 213 235 29
0AQ 218 233 221 114 219 129 15 255 110 111 245 184 15 252 253 28
0AQ 251 176 189 206 214 177 223 93 248 224 247 189 205 71 252 205
0AQ 117 30 51 123 163 143 252 251 26 190 227 209 223 234 174 236
0AQ 208 112 99 244 150 199 127 175 155 142 223 120 216 99 223 226
0AQ 29 62 214 157 183 186 235 3 28 253 

14

Rx6,OnRxDone,-95,4,255,6,6
0AQ 166 14 253 112 7 223 228 205 142 126 204 251 222 231 225 59
0AQ 111 119 104 246 176 55 28 248 46 71 222 116 232 232 61 15
0AQ 152 125 127 31 37 55 29 248 126 15 248 102 131 31 242 55
0AQ 246 253 125 232 111 246 110 183 237 124 176 183 189 197 7 120
0AQ 228 219 28 252 109 125 180 111 118 223 206 209 55 61 236 222
0AQ 183 247 224 135 222 118 240 35 191 193 251 132 31 232 29 223
0AQ 217 35 126 140 111 117 215 199 122 195 91 237 125 168 223 217
0AQ 109 199 111 189 207 71 218 235 61 224 55 55 200 109 15 91
0AQ 124 183 135 125 228 111 224 240 199 191 233 219 218 250 48 31
0AQ 252 155 122 248 251 246 222 234 225 223 232 129 127 239 62 224
0AQ 227 191 179 135 62 176 247 54 199 118 30 252 134 241 247 224
0AQ 17 63 202 119 120 196 55 41 110 29 185 243 49 126 95 143
0AQ 152 189 93 200 131 110 221 117 100 184 193 67 191 195 225 239
0AQ 247 168 59 247 100 197 222 209 27 97 249 77 62 192 7 126
0AQ 167 183 57 126 235 3 252 182 238 56 242 161 223 236 208 143
0AQ 240 109 30 249 123 123 228 55 123 155 

12

Rx7,OnRxDone,-95,4,61,7,7
0AQ 143 245 192 111 238 177 143 252 198 30 120 188 252 30 195 91
0AQ 111 243 200 31 229 119 181 177 245 208 239 181 241 209 191 215
0AQ 55 242 248 15 253 78 239 241 216 119 60 248 183 246 208 227
0AQ 229 3 223 103 231 129 123 111 

11

Rx8,OnRxDone,
New test. SF: 8, CR: 1, Tx Power: 1, Toa: 708 
0

Rx9,OnRxDone,-99,3,255,0,0
0AQ 223 208 219 81 62 54 124 179 143 246 251 43 63 118 246 221
0AQ 221 246 208 15 250 45 61 252 145 239 247 118 31 237 251 188
0AQ 195 135 120 240 155 60 240 29 217 193 223 218 241 197 155 62
0AQ 210 183 26 188 227 224 225 35 111 216 218 120 151 15 244 158
0AQ 71 127 167 225 199 253 230 222 234 1 31 248 219 59 248 33
0AQ 223 234 1 111 120 228 239 238 208 193 209 59 62 206 111 236
0AQ 142 199 126 224 111 237 97 191 171 15 252 219 235 28 252 136
0AQ 55 236 140 191 217 195 190 203 135 249 94 111 246 216 183 29
0AQ 122 203 232 224 219 245 30 112 227 253 30 122 240 251 122 208
0AQ 7 44 190 85 249 1 71 239 184 239 67 252 238 202 135 22
0AQ 119 30 240 157 222 233 3 28 60 252 219 248 16 31 241 187
0AQ 123 208 193 199 252 238 56 118 252 219 251 72 143 255 46 30
0AQ 248 81 223 111 252 205 30 121 231 157 110 59 184 252 136 27
0AQ 119 28 189 245 102 15 204 93 71 127 103 143 254 168 183 220
0AQ 115 199 135 188 243 125 124 156 15 250 62 195 91 89 88 222
0AQ 26 254 246 30 249 33 123 217 125 111 

0

Rx10,OnRxDone,-98,3,255,1,1
0AQ 151 141 62 226 155 117 14 29 188 239 216 226 206 209 223 221
0AQ 99 223 244 136 123 15 250 46 27 71 222 118 252 45 7 115
0AQ 195 193 197 114 249 253 122 225 163 190 79 239 232 241 59 6
0AQ 31 240 134 189 219 134 31 247 190 119 58 112 235 216 71 188
0AQ 237 189 30 242 13 248 64 247 222 226 240 240 1 191 181 226
0AQ 195 15 127 119 217 195 115 71 103 116 244 182 222 240 222 222
0AQ 99 223 84 220 40 23 111 185 231 129 111 187 229 232 222 135
0AQ 248 125 189 221 241 143 249 240 223 214 120 54 186 119 203 198
0AQ 193 143 248 61 61 230 199 251 22 131 111 117 219 35 63 226
0AQ 125 111 52 122 240 198 13 15 255 152 223 202 99 62 110 246
0AQ 6 135 222 244 128 227 223 216 131 247 178 247 123 196 94 241
0AQ 200 155 30 253 155 58 118 239 232 240 59 123 236 222 227 191
0AQ 203 123 125 140 157 239 238 145 31 248 14 198 223 173 243 110
0AQ 135 62 246 59 29 187 51 28 134 111 247 224 239 246 144 183
0AQ 220 113 252 251 60 232 3 150 223 238 17 119 222 231 33 239
0AQ 185 227 163 252 189 251 112 203 247 220 

0

Rx11,OnRxDone,-98,2,255,2,2
0AQ 247 145 127 99 71 110 189 223 99 127 87 31 240 129 223 199
0AQ 227 30 75 113 244 29 30 247 33 111 184 237 158 67 223 230
0AQ 97 63 194 119 249 198 62 206 199 254 214 14 124 236 91 222
0AQ 224 17 135 139 69 222 102 124 240 200 119 250 72 223 44 219
0AQ 122 204 183 251 246 126 3 254 32 253 241 254 219 236 59 249
0AQ 3 242 219 251 238 30 241 163 253 30 222 237 67 190 233 155
0AQ 26 253 145 124 135 227 191 157 7 252 0 223 238 205 70 143
0AQ 63 252 77 194 199 62 246 119 238 17 31 242 174 187 142 127
0AQ 236 111 234 192 7 239 189 81 249 99 252 222 238 8 63 214
0AQ 59 222 229 177 195 247 123 208 189 222 145 239 209 121 196 239
0AQ 237 35 126 151 135 189 235 232 247 10 143 229 142 239 239 67
0AQ 60 240 190 15 244 59 27 190 237 166 71 221 216 120 212 91
0AQ 178 114 56 186 177 183 243 54 31 237 219 141 191 211 135 59
0AQ 250 109 125 152 247 124 99 131 143 188 117 104 249 166 155 142
0AQ 188 233 145 239 187 233 17 223 163 19 126 164 119 189 211 209
0AQ 15 252 110 135 191 91 175 188 113 228 

0

Rx12,OnRxDone,-97,5,255,3,3
0AQ 77 111 119 52 131 229 226 251 61 244 91 13 30 251 94 143
0AQ 249 184 223 206 209 143 120 224 183 245 224 143 248 54 247 60
0AQ 248 77 119 28 252 81 126 43 189 3 111 248 40 223 225 131
0AQ 124 143 27 62 226 143 241 119 239 65 239 233 60 232 187 245
0AQ 222 235 248 7 221 186 231 248 131 239 185 101 227 129 123 111
0AQ 53 120 240 109 131 27 195 111 243 1 222 49 254 253 125 248
0AQ 111 245 54 31 224 125 111 119 199 71 248 94 143 255 237 237
0AQ 61 252 93 15 253 6 119 61 252 219 148 15 46 151 111 251
0AQ 214 62 218 193 55 120 228 251 248 120 127 255 142 125 179 199
0AQ 124 191 199 188 225 35 126 167 111 228 131 60 60 235 188 197
0AQ 193 199 222 246 81 150 191 173 99 15 126 179 114 248 200 239
0AQ 113 248 45 89 248 145 126 91 239 245 192 197 247 25 125 216
0AQ 71 255 78 6 31 245 145 191 181 225 187 122 143 201 240 222
0AQ 61 31 226 55 214 57 254 1 191 189 131 191 175 143 247 161
0AQ 191 161 15 117 235 219 227 131 124 159 7 124 135 241 209 119
0AQ 123 96 70 223 229 190 199 30 204 178 

0

13s528:IRQ_CRC_ERROR
Rx13,OnRxDone,-105,-10,255,4,4
0AQ 55 203 30 245 99 252 109 59 248 195 125 187 247 27 62 242
0AQ 208 55 123 167 143 242 59 250 48 71 71 191 187 143 244 173
0AQ 222 239 1 135 223 42 251 96 223 231 166 7 46 191 197 222
0AQ 59 125 148 199 222 49 122 228 198 251 125 160 111 116 236 183
0AQ 55 120 199 7 152 29 217 187 99 175 204 129 199 190 19 143
0AQ 221 121 187 251 142 190 97 244 208 241 91 222 227 195 189 227
0AQ 157 30 251 190 172 188 115 236 161 217 251 149 119 122 12 191
0AQ 220 35 242 145 116 222 29 67 173 1 235 212 97 199 131 26
0AQ 125 222 191 251 119 199 112 62 254 197 186 29 128 219 46 253
0AQ 48 239 47 202 140 75 144 41 58 37 107 228 211 42 52 197
0AQ 68 236 55 229 217 219 148 17 228 214 48 5 26 254 57 42
0AQ 34 165 76 151 138 128 22 223 52 172 247 42 138 141 36 226
0AQ 169 33 145 222 154 53 152 45 219 49 132 134 251 216 45 95
0AQ 9 30 222 239 182 163 236 52 163 160 30 128 7 103 147 77
0AQ 107 110 46 78 205 240 102 232 228 72 99 159 141 73 114 106
0AQ 54 245 251 38 20 188 139 40 14 124 

14

Rx14,OnRxDone,-98,5,255,5,5
0AQ 173 30 241 65 223 234 125 62 208 187 222 233 205 62 234 123
0AQ 222 232 241 111 202 246 142 44 222 49 122 232 59 189 219 135
0AQ 120 236 77 199 191 215 195 126 103 163 7 30 126 195 222 195
0AQ 190 221 129 239 247 168 7 191 205 177 91 143 56 248 237 221
0AQ 244 232 15 250 189 221 114 232 104 185 120 244 187 109 61 32
0AQ 111 119 100 248 118 197 206 199 251 38 111 240 225 118 222 104
0AQ 231 135 240 155 122 191 157 15 244 155 42 30 252 97 126 91
0AQ 189 199 221 186 225 17 15 31 252 237 123 200 15 245 157 182
0AQ 30 248 205 182 30 254 251 123 208 55 59 252 13 198 31 254
0AQ 205 54 178 15 242 91 123 163 199 253 72 223 237 173 142 253
0AQ 136 191 169 55 11 63 194 55 184 171 252 1 222 213 235 29
0AQ 218 233 221 114 219 129 15 255 110 111 245 184 15 252 253 28
0AQ 251 176 189 206 214 177 223 93 248 224 247 189 205 71 252 205
0AQ 117 30 51 123 163 143 252 251 26 190 227 209 223 234 174 236
0AQ 208 112 99 244 150 199 127 175 155 142 223 120 216 99 223 226
0AQ 29 62 214 157 183 186 235 3 28 253 

12

15s541:IRQ_CRC_ERROR
Rx15,OnRxDone,-106,-15,255,6,6
0AQ 166 14 253 112 7 223 228 205 142 126 204 251 222 231 225 59
0AQ 111 119 104 246 176 55 28 248 46 71 222 116 232 232 61 15
0AQ 152 125 127 31 37 55 29 248 126 15 248 102 131 31 242 55
0AQ 246 253 125 232 111 246 110 183 237 124 176 183 189 197 7 120
0AQ 228 219 28 252 109 125 180 111 118 223 206 209 55 61 236 222
0AQ 183 247 224 135 222 118 240 35 191 193 251 132 31 232 29 223
0AQ 217 35 126 140 111 117 215 199 122 195 91 237 125 168 223 217
0AQ 109 199 111 189 207 71 218 235 61 224 55 55 200 109 15 91
0AQ 124 183 135 125 228 111 224 240 199 191 233 219 218 250 48 31
0AQ 252 155 122 248 251 246 222 234 225 223 232 129 127 239 62 224
0AQ 227 191 179 135 62 176 247 54 199 118 30 252 134 241 247 224
0AQ 17 63 202 119 120 196 55 41 110 29 185 243 49 126 95 143
0AQ 152 189 93 200 131 110 221 117 100 184 193 67 191 227 129 239
0AQ 191 8 51 183 174 135 34 101 33 195 202 71 158 184 147 198
0AQ 150 114 22 206 148 115 204 87 63 78 92 179 165 175 150 196
0AQ 17 113 201 22 253 244 251 87 248 229 

20

Rx16,OnRxTimeout,NA,NA,NA,NA,NA
27

20s159:IRQ_CRC_ERROR
Rx17,OnRxDone,-105,-15,255,6,7
30

Rx18,OnRxDone,-96,6,61,7,7
0AQ 143 245 192 111 238 177 143 252 198 30 120 188 252 30 195 91
0AQ 111 243 200 31 229 119 181 177 245 208 239 181 241 209 191 215
0AQ 55 242 248 15 253 78 239 241 216 119 60 248 183 246 208 227
0AQ 229 3 223 103 231 129 123 111 

28

Rx19,OnRxDone,
New test. SF: 10, CR: 1, Tx Power: 1, Toa: 617 
0

Rx20,OnRxDone,-98,5,50,0,0
0AQ 223 208 219 81 62 54 124 179 143 246 251 43 63 118 246 221
0AQ 221 246 208 15 250 45 61 252 145 239 247 118 31 237 251 188
0AQ 195 135 120 240 155 60 240 29 217 193 223 218 241 

0

Rx21,OnRxDone,-98,4,50,1,1
0AQ 197 155 62 210 183 26 188 227 224 225 35 111 216 218 120 151
0AQ 15 244 158 71 127 167 225 199 253 230 222 234 1 31 248 219
0AQ 59 248 33 223 234 1 111 120 228 239 238 208 193 

0

Rx22,OnRxDone,-99,4,50,2,2
0AQ 209 59 62 206 111 236 142 199 126 224 111 237 97 191 171 15
0AQ 252 219 235 28 252 136 55 236 140 191 217 195 190 203 135 249
0AQ 94 111 246 216 183 29 122 203 232 224 219 245 30 

0

Rx23,OnRxDone,-100,3,50,3,3
0AQ 112 227 253 30 122 240 251 122 208 7 44 190 85 249 1 71
0AQ 239 184 239 67 252 238 202 135 22 119 30 240 157 222 233 3
0AQ 28 60 252 219 248 16 31 241 187 123 208 193 199 

0

Rx24,OnRxDone,-98,3,50,4,4
0AQ 252 238 56 118 252 219 251 72 143 255 46 30 248 81 223 111
0AQ 252 205 30 121 231 157 110 59 184 252 136 27 119 28 189 245
0AQ 102 15 204 93 71 127 103 143 254 168 183 220 115 

0

Rx25,OnRxDone,-97,5,50,5,5
0AQ 199 135 188 243 125 124 156 15 250 62 195 91 89 88 222 26
0AQ 254 246 30 249 33 123 217 125 111 151 141 62 226 155 117 14
0AQ 29 188 239 216 226 206 209 223 221 99 223 244 136 

0

Rx26,OnRxDone,-97,5,50,6,6
0AQ 123 15 250 46 27 71 222 118 252 45 7 115 195 193 197 114
0AQ 249 253 122 225 163 190 79 239 232 241 59 6 31 240 134 189
0AQ 219 134 31 247 190 119 58 112 235 216 71 188 237 

0

Rx27,OnRxDone,-98,4,50,7,7
0AQ 189 30 242 13 248 64 247 222 226 240 240 1 191 181 226 195
0AQ 15 127 119 217 195 115 71 103 116 244 182 222 240 222 222 99
0AQ 223 84 220 40 23 111 185 231 129 111 187 229 232 

0

Rx28,OnRxDone,-98,4,50,8,8
0AQ 222 135 248 125 189 221 241 143 249 240 223 214 120 54 186 119
0AQ 203 198 193 143 248 61 61 230 199 251 22 131 111 117 219 35
0AQ 63 226 125 111 52 122 240 198 13 15 255 152 223 

0

Rx29,OnRxDone,-99,4,50,9,9
0AQ 202 99 62 110 246 6 135 222 244 128 227 223 216 131 247 178
0AQ 247 123 196 94 241 200 155 30 253 155 58 118 239 232 240 59
0AQ 123 236 222 227 191 203 123 125 140 157 239 238 145 

0

Rx30,OnRxDone,-98,5,50,10,10
0AQ 31 248 14 198 223 173 243 110 135 62 246 59 29 187 51 28
0AQ 134 111 247 224 239 246 144 183 220 113 252 251 60 232 3 150
0AQ 223 238 17 119 222 231 33 239 185 227 163 252 189 

0

Rx31,OnRxDone,-97,5,50,11,11
0AQ 251 112 203 247 220 247 145 127 99 71 110 189 223 99 127 87
0AQ 31 240 129 223 199 227 30 75 113 244 29 30 247 33 111 184
0AQ 237 158 67 223 230 97 63 194 119 249 198 62 206 

0

Rx32,OnRxDone,-98,4,50,12,12
0AQ 199 254 214 14 124 236 91 222 224 17 135 139 69 222 102 124
0AQ 240 200 119 250 72 223 44 219 122 204 183 251 246 126 3 254
0AQ 32 253 241 254 219 236 59 249 3 242 219 251 238 

0

Rx33,OnRxDone,-99,4,50,13,13
0AQ 30 241 163 253 30 222 237 67 190 233 155 26 253 145 124 135
0AQ 227 191 157 7 252 0 223 238 205 70 143 63 252 77 194 199
0AQ 62 246 119 238 17 31 242 174 187 142 127 236 111 

0

Rx34,OnRxDone,-98,4,50,14,14
0AQ 234 192 7 239 189 81 249 99 252 222 238 8 63 214 59 222
0AQ 229 177 195 247 123 208 189 222 145 239 209 121 196 239 237 35
0AQ 126 151 135 189 235 232 247 10 143 229 142 239 239 

0

Rx35,OnRxDone,-99,4,50,15,15
0AQ 67 60 240 190 15 244 59 27 190 237 166 71 221 216 120 212
0AQ 91 178 114 56 186 177 183 243 54 31 237 219 141 191 211 135
0AQ 59 250 109 125 152 247 124 99 131 143 188 117 104 

0

Rx36,OnRxDone,-97,5,50,16,16
0AQ 249 166 155 142 188 233 145 239 187 233 17 223 163 19 126 164
0AQ 119 189 211 209 15 252 110 135 191 91 175 188 113 228 77 111
0AQ 119 52 131 229 226 251 61 244 91 13 30 251 94 

0

Rx37,OnRxDone,-97,5,50,17,17
0AQ 143 249 184 223 206 209 143 120 224 183 245 224 143 248 54 247
0AQ 60 248 77 119 28 252 81 126 43 189 3 111 248 40 223 225
0AQ 131 124 143 27 62 226 143 241 119 239 65 239 233 

0

Rx38,OnRxDone,-97,5,50,18,18
0AQ 60 232 187 245 222 235 248 7 221 186 231 248 131 239 185 101
0AQ 227 129 123 111 53 120 240 109 131 27 195 111 243 1 222 49
0AQ 254 253 125 248 111 245 54 31 224 125 111 119 199 

0

Rx39,OnRxDone,-96,5,50,19,19
0AQ 71 248 94 143 255 237 237 61 252 93 15 253 6 119 61 252
0AQ 219 148 15 46 151 111 251 214 62 218 193 55 120 228 251 248
0AQ 120 127 255 142 125 179 199 124 191 199 188 225 35 

0

Rx40,OnRxDone,-97,5,50,20,20
0AQ 126 167 111 228 131 60 60 235 188 197 193 199 222 246 81 150
0AQ 191 173 99 15 126 179 114 248 200 239 113 248 45 89 248 145
0AQ 126 91 239 245 192 197 247 25 125 216 71 255 78 

0

Rx41,OnRxDone,-97,5,50,21,21
0AQ 6 31 245 145 191 181 225 187 122 143 201 240 222 61 31 226
0AQ 55 214 57 254 1 191 189 131 191 175 143 247 161 191 161 15
0AQ 117 235 219 227 131 124 159 7 124 135 241 209 119 

0

Rx42,OnRxDone,-96,6,50,22,22
0AQ 123 96 70 223 229 190 199 30 204 178 55 203 30 245 99 252
0AQ 109 59 248 195 125 187 247 27 62 242 208 55 123 167 143 242
0AQ 59 250 48 71 71 191 187 143 244 173 222 239 1 

0

Rx43,OnRxDone,-97,5,50,23,23
0AQ 135 223 42 251 96 223 231 166 7 46 191 197 222 59 125 148
0AQ 199 222 49 122 228 198 251 125 160 111 116 236 183 55 120 199
0AQ 7 152 29 217 187 99 175 204 129 199 190 19 143 

0

Rx44,OnRxDone,-97,5,50,24,24
0AQ 221 121 187 251 142 190 97 244 208 241 91 222 227 195 189 227
0AQ 157 30 251 190 172 188 115 236 161 217 251 149 119 122 12 127
0AQ 148 239 246 253 29 63 124 219 129 223 219 131 111 

0

Rx45,OnRxDone,-96,5,50,25,25
0AQ 13 30 122 223 35 222 246 189 125 232 239 240 70 199 63 236
0AQ 91 221 244 144 227 15 255 205 61 228 119 246 94 31 224 199
0AQ 249 221 141 190 221 67 114 199 35 127 115 135 238 

0

Rx46,OnRxDone,-96,5,50,26,26
0AQ 29 218 59 58 123 155 67 59 59 163 31 239 27 189 211 206
0AQ 7 122 219 6 183 28 249 160 223 87 246 209 126 99 143 121
0AQ 211 219 60 254 163 126 123 199 190 221 240 67 191 

0

Rx47,OnRxDone,-96,6,50,27,27
0AQ 69 153 236 129 239 186 227 129 31 241 219 187 239 174 71 30
0AQ 206 222 238 190 195 59 123 143 92 126 147 3 31 241 219 251
0AQ 16 223 239 173 30 241 65 223 234 125 62 208 187 

0

Rx48,OnRxDone,-95,6,50,28,28
0AQ 222 233 205 62 234 123 222 232 241 111 202 246 142 44 222 49
0AQ 122 232 59 189 219 135 120 236 77 199 191 215 195 126 103 163
0AQ 7 30 126 195 222 195 190 221 129 239 247 168 7 

0

Rx49,OnRxDone,-95,6,50,29,29
0AQ 191 205 177 91 143 56 248 237 221 244 232 15 250 189 221 114
0AQ 232 104 185 120 244 187 109 61 32 111 119 100 248 118 197 206
0AQ 199 251 38 111 240 225 118 222 104 231 135 240 155 

0

Rx50,OnRxDone,-95,6,50,30,30
0AQ 122 191 157 15 244 155 42 30 252 97 126 91 189 199 221 186
0AQ 225 17 15 31 252 237 123 200 15 245 157 182 30 248 205 182
0AQ 30 254 251 123 208 55 59 252 13 198 31 254 205 

0

Rx51,OnRxDone,-95,6,50,31,31
0AQ 54 178 15 242 91 123 163 199 253 72 223 237 173 142 253 136
0AQ 191 169 55 11 63 194 55 184 171 252 1 222 213 235 29 218
0AQ 233 221 114 219 129 15 255 110 111 245 184 15 252 

0

Rx52,OnRxDone,-96,5,50,32,32
0AQ 253 28 251 176 189 206 214 177 223 93 248 224 247 189 205 71
0AQ 252 205 117 30 51 123 163 143 252 251 26 190 227 209 223 234
0AQ 174 236 208 112 99 244 150 199 127 175 155 142 223 

0

Rx53,OnRxDone,-96,5,50,33,33
0AQ 120 216 99 223 226 29 62 214 157 183 186 235 3 28 253 166
0AQ 14 253 112 7 223 228 205 142 126 204 251 222 231 225 59 111
0AQ 119 104 246 176 55 28 248 46 71 222 116 232 232 

0

Rx54,OnRxDone,-97,5,50,34,34
0AQ 61 15 152 125 127 31 37 55 29 248 126 15 248 102 131 31
0AQ 242 55 246 253 125 232 111 246 110 183 237 124 176 183 189 197
0AQ 7 120 228 219 28 252 109 125 180 111 118 223 206 

0

Rx55,OnRxDone,-97,5,50,35,35
0AQ 209 55 61 236 222 183 247 224 135 222 118 240 35 191 193 251
0AQ 132 31 232 29 223 217 35 126 140 111 117 215 199 122 195 91
0AQ 237 125 168 223 217 109 199 111 189 207 71 218 235 

0

Rx56,OnRxDone,-98,4,50,36,36
0AQ 61 224 55 55 200 109 15 91 124 183 135 125 228 111 224 240
0AQ 199 191 233 219 218 250 48 31 252 155 122 248 251 246 222 234
0AQ 225 223 232 129 127 239 62 224 227 191 179 135 62 

0

Rx57,OnRxDone,-97,5,50,37,37
0AQ 176 247 54 199 118 30 252 134 241 247 224 17 63 202 119 120
0AQ 196 55 41 110 29 185 243 49 126 95 143 152 189 93 200 131
0AQ 110 221 117 100 184 193 67 191 195 225 239 247 168 

0

Rx58,OnRxDone,-98,4,50,38,38
0AQ 59 247 100 197 222 209 27 97 249 77 62 192 7 126 167 183
0AQ 57 126 235 3 252 182 238 56 242 161 223 236 208 143 240 109
0AQ 30 249 123 123 228 55 123 155 143 245 192 111 238 

0

Rx59,OnRxDone,-96,5,50,39,39
0AQ 177 143 252 198 30 120 188 252 30 195 91 111 243 200 31 229
0AQ 119 181 177 245 208 239 181 241 209 191 215 55 242 248 15 253
0AQ 78 239 241 216 119 60 248 183 246 208 227 229 3 

0

Rx60,OnRxDone,-98,5,11,40,40
0AQ 223 103 231 129 123 111 

0

Rx61,OnRxDone,
New test. SF: 12, CR: 1, Tx Power: 1, Toa: 2302 
0

Rx62,OnRxTimeout,NA,NA,NA,NA,NA
50

70s793:IRQ_CRC_ERROR
Rx63,OnRxDone,-105,-24,50,0,0
0AQ 223 208 235 25 66 100 61 84 146 184 1 195 133 73 49 2
0AQ 211 213 235 224 18 196 86 128 20 171 158 191 21 235 135 185
0AQ 44 148 93 114 107 179 18 158 157 88 36 29 77 

50

Rx64,OnRxDone,-95,4,50,1,1
0AQ 197 155 62 210 183 26 188 227 224 225 35 111 216 218 120 151
0AQ 15 244 158 71 127 167 225 199 253 230 222 234 1 31 248 219
0AQ 59 248 33 223 234 1 111 120 228 239 238 208 193 

40

Rx65,OnRxDone,-93,4,50,2,2
0AQ 209 59 62 206 111 236 142 199 126 224 111 237 97 191 171 15
0AQ 252 219 235 28 252 136 55 236 140 191 217 195 190 203 135 249
0AQ 94 111 246 216 183 29 122 203 232 224 219 245 30 

33

Rx66,OnRxDone,-94,4,50,3,3
0AQ 112 227 253 30 122 240 251 122 208 7 44 190 85 249 1 71
0AQ 239 184 239 67 252 238 202 135 22 119 30 240 157 222 233 3
0AQ 28 60 252 219 248 16 31 241 187 123 208 193 199 

28

Rx67,OnRxDone,-95,4,50,4,4
0AQ 252 238 56 118 252 219 251 72 143 255 46 30 248 81 223 111
0AQ 252 205 30 121 231 157 110 59 184 252 136 27 119 28 189 245
0AQ 102 15 204 93 71 127 103 143 254 168 183 220 115 

25

Rx68,OnRxDone,-96,5,50,5,5
0AQ 199 135 188 243 125 124 156 15 250 62 195 91 89 88 222 26
0AQ 254 246 30 249 33 123 217 125 111 151 141 62 226 155 117 14
0AQ 29 188 239 216 226 206 209 223 221 99 223 244 136 

22

Rx69,OnRxDone,-95,3,50,6,6
0AQ 123 15 250 46 27 71 222 118 252 45 7 115 195 193 197 114
0AQ 249 253 122 225 163 190 79 239 232 241 59 6 31 240 134 189
0AQ 219 134 31 247 190 119 58 112 235 216 71 188 237 

20

Rx70,OnRxDone,-98,4,50,7,7
0AQ 189 30 242 13 248 64 247 222 226 240 240 1 191 181 226 195
0AQ 15 127 119 217 195 115 71 103 116 244 182 222 240 222 222 99
0AQ 223 84 220 40 23 111 185 231 129 111 187 229 232 

18

Rx71,OnRxDone,-98,4,50,8,8
0AQ 222 135 248 125 189 221 241 143 249 240 223 214 120 54 186 119
0AQ 203 198 193 143 248 61 61 230 199 251 22 131 111 117 219 35
0AQ 63 226 125 111 52 122 240 198 13 15 255 152 223 

16

Rx72,OnRxDone,-99,4,50,9,9
0AQ 202 99 62 110 246 6 135 222 244 128 227 223 216 131 247 178
0AQ 247 123 196 94 241 200 155 30 253 155 58 118 239 232 240 59
0AQ 123 236 222 227 191 203 123 125 140 157 239 238 145 

15

Rx73,OnRxDone,-96,4,50,10,10
0AQ 31 248 14 198 223 173 243 110 135 62 246 59 29 187 51 28
0AQ 134 111 247 224 239 246 144 183 220 113 252 251 60 232 3 150
0AQ 223 238 17 119 222 231 33 239 185 227 163 252 189 

14

Rx74,OnRxDone,-97,4,50,11,11
0AQ 251 112 203 247 220 247 145 127 99 71 110 189 223 99 127 87
0AQ 31 240 129 223 199 227 30 75 113 244 29 30 247 33 111 184
0AQ 237 158 67 223 230 97 63 194 119 249 198 62 206 

13

Rx75,OnRxDone,-102,1,50,12,12
0AQ 199 254 214 14 124 236 91 222 224 17 135 139 69 222 102 124
0AQ 240 200 119 250 72 223 44 219 122 204 183 251 246 126 3 254
0AQ 32 253 241 254 219 236 59 249 3 242 219 251 238 

12

Rx76,OnRxDone,-101,2,50,13,13
0AQ 30 241 163 253 30 222 237 67 190 233 155 26 253 145 124 135
0AQ 227 191 157 7 252 0 223 238 205 70 143 63 252 77 194 199
0AQ 62 246 119 238 17 31 242 174 187 142 127 236 111 

11

Rx77,OnRxDone,-102,0,50,14,14
0AQ 234 192 7 239 189 81 249 99 252 222 238 8 63 214 59 222
0AQ 229 177 195 247 123 208 189 222 145 239 209 121 196 239 237 35
0AQ 126 151 135 189 235 232 247 10 143 229 142 239 239 

11

Rx78,OnRxDone,-103,-1,50,15,15
0AQ 67 60 240 190 15 244 59 27 190 237 166 71 221 216 120 212
0AQ 91 178 114 56 186 177 183 243 54 31 237 219 141 191 211 135
0AQ 59 250 109 125 152 247 124 99 131 143 188 117 104 

10

Rx79,OnRxDone,-102,-1,50,16,16
0AQ 249 166 155 142 188 233 145 239 187 233 17 223 163 19 126 164
0AQ 119 189 211 209 15 252 110 135 191 91 175 188 113 228 77 111
0AQ 119 52 131 229 226 251 61 244 91 13 30 251 94 

10

Rx80,OnRxDone,-103,-2,50,17,17
0AQ 143 249 184 223 206 209 143 120 224 183 245 224 143 248 54 247
0AQ 60 248 77 119 28 252 81 126 43 189 3 111 248 40 223 225
0AQ 131 124 143 27 62 226 143 241 119 239 65 239 233 

9

Rx81,OnRxDone,-103,-2,50,18,18
0AQ 60 232 187 245 222 235 248 7 221 186 231 248 131 239 185 101
0AQ 227 129 123 111 53 120 240 109 131 27 195 111 243 1 222 49
0AQ 254 253 125 248 111 245 54 31 224 125 111 119 199 

9

Rx82,OnRxDone,-104,-3,50,19,19
0AQ 71 248 94 143 255 237 237 61 252 93 15 253 6 119 61 252
0AQ 219 148 15 46 151 111 251 214 62 218 193 55 120 228 251 248
0AQ 120 127 255 142 125 179 199 124 191 199 188 225 35 

8

Rx83,OnRxDone,-105,-5,50,20,20
0AQ 126 167 111 228 131 60 60 235 188 197 193 199 222 246 81 150
0AQ 191 173 99 15 126 179 114 248 200 239 113 248 45 89 248 145
0AQ 126 91 239 245 192 197 247 25 125 216 71 255 78 

8

Rx84,OnRxDone,-105,-5,50,21,21
0AQ 6 31 245 145 191 181 225 187 122 143 201 240 222 61 31 226
0AQ 55 214 57 254 1 191 189 131 191 175 143 247 161 191 161 15
0AQ 117 235 219 227 131 124 159 7 124 135 241 209 119 

8

Rx85,OnRxDone,-103,-1,50,22,22
0AQ 123 96 70 223 229 190 199 30 204 178 55 203 30 245 99 252
0AQ 109 59 248 195 125 187 247 27 62 242 208 55 123 167 143 242
0AQ 59 250 48 71 71 191 187 143 244 173 222 239 1 

7

Rx86,OnRxDone,-102,-2,50,23,23
0AQ 135 223 42 251 96 223 231 166 7 46 191 197 222 59 125 148
0AQ 199 222 49 122 228 198 251 125 160 111 116 236 183 55 120 199
0AQ 7 152 29 217 187 99 175 204 129 199 190 19 143 

7

Rx87,OnRxDone,-103,-1,50,24,24
0AQ 221 121 187 251 142 190 97 244 208 241 91 222 227 195 189 227
0AQ 157 30 251 190 172 188 115 236 161 217 251 149 119 122 12 127
0AQ 148 239 246 253 29 63 124 219 129 223 219 131 111 

7

