Rx0,OnRxTimeout,NA,NA,NA,NA,NA
100

Rx1,OnRxTimeout,NA,NA,NA,NA,NA
100

11s821:IRQ_CRC_ERROR
Rx2,OnRxDone,-104,-12,255,0,0
0AQ 223 208 219 81 56 48 124 179 143 246 251 43 63 118 246 221
0AQ 221 246 208 15 250 45 61 252 145 239 247 22 31 139 250 189
0AQ 211 134 120 240 155 52 240 157 17 193 223 214 241 197 155 62
0AQ 220 181 220 137 131 164 136 153 97 255 101 235 37 250 255 27
0AQ 24 193 187 175 191 74 109 207 132 126 27 44 251 191 245 18
0AQ 13 177 188 179 33 186 87 183 223 0 96 254 143 213 116 89
0AQ 100 115 190 211 136 165 72 197 57 223 34 37 6 177 52 76
0AQ 67 90 11 209 255 150 4 235 151 141 165 103 233 163 52 191
0AQ 233 148 34 135 244 93 63 222 136 96 126 33 11 238 178 203
0AQ 120 43 58 237 97 200 211 18 153 198 22 59 231 195 67 43
0AQ 135 208 95 48 57 184 169 206 10 7 68 151 4 59 202 51
0AQ 43 67 241 164 192 57 98 19 181 237 2 91 191 75 191 216
0AQ 198 11 171 71 60 31 88 12 228 150 121 41 178 53 165 105
0AQ 186 229 248 61 121 103 55 38 250 37 147 12 118 42 230 53
0AQ 173 105 17 114 227 209 214 102 71 142 168 194 254 136 133 125
0AQ 71 228 68 85 78 221 252 8 116 85 

75

Rx3,OnRxTimeout,NA,NA,NA,NA,NA
80

19s836:IRQ_CRC_ERROR
Rx4,OnRxDone,71

Rx5,OnRxTimeout,NA,NA,NA,NA,NA
75

Rx6,OnRxTimeout,NA,NA,NA,NA,NA
77

27s852:IRQ_CRC_ERROR
Rx7,OnRxDone,72

Rx8,OnRxTimeout,NA,NA,NA,NA,NA
75

Rx9,OnRxTimeout,NA,NA,NA,NA,NA
76

Rx10,OnRxTimeout,NA,NA,NA,NA,NA
78

Rx11,OnRxTimeout,NA,NA,NA,NA,NA
80

Rx12,OnRxTimeout,NA,NA,NA,NA,NA
81

Rx13,OnRxTimeout,NA,NA,NA,NA,NA
82

Rx14,OnRxTimeout,NA,NA,NA,NA,NA
83

Rx15,OnRxTimeout,NA,NA,NA,NA,NA
84

Rx16,OnRxTimeout,NA,NA,NA,NA,NA
85


New test. SF: 7, CR: 1, Tx Power: 1, Toa: 400 
2s688:IRQ_CRC_ERROR
Rx0,OnRxDone,-102,-12,255,0,0
0AQ 223 217 216 98 13 54 188 115 79 246 251 43 63 118 246 221
0AQ 221 144 208 79 190 109 121 252 145 239 151 16 21 237 242 188
0AQ 195 135 120 112 19 92 144 27 223 193 223 218 243 197 155 188
0AQ 220 251 18 35 152 235 145 42 203 128 115 206 83 22 136 100
0AQ 234 238 76 5 29 215 227 136 232 37 110 110 91 87 242 64
0AQ 41 30 59 167 213 150 85 117 205 140 100 8 84 229 156 214
0AQ 213 14 107 145 0 43 124 103 191 163 17 44 68 127 4 63
0AQ 226 3 118 88 235 189 208 85 193 183 218 165 82 89 79 10
0AQ 184 115 36 185 24 83 30 179 39 199 141 197 180 9 251 57
0AQ 125 18 55 157 132 197 189 85 95 236 22 231 158 139 138 254
0AQ 229 133 107 93 234 119 173 190 171 1 148 65 102 228 192 37
0AQ 122 214 218 96 201 5 5 103 213 111 70 19 116 12 38 194
0AQ 64 94 11 75 253 223 187 198 199 46 149 75 135 214 24 199
0AQ 165 215 49 149 223 233 92 217 243 52 162 173 61 99 135 94
0AQ 183 50 195 181 83 95 55 247 228 106 59 186 212 149 158 25
0AQ 107 88 117 162 230 106 210 123 230 70 

50

6s696:IRQ_CRC_ERROR
Rx1,OnRxDone,-102,-12,255,0,1
50

10s704:IRQ_CRC_ERROR
Rx2,OnRxDone,-102,-12,255,0,1
50

Rx3,OnRxTimeout,NA,NA,NA,NA,NA
57

18s719:IRQ_CRC_ERROR
Rx4,OnRxDone,-103,-12,255,0,1
55

Rx5,OnRxTimeout,NA,NA,NA,NA,NA
60

26s356:HDR KO
Rx6,OnRxTimeout,NA,NA,NA,NA,NA
63

Rx7,OnRxTimeout,NA,NA,NA,NA,NA
66

Rx8,OnRxTimeout,NA,NA,NA,NA,NA
69

Rx9,OnRxTimeout,NA,NA,NA,NA,NA
71


New test. SF: 7, CR: 1, Tx Power: 1, Toa: 400 
Rx0,OnRxTimeout,NA,NA,NA,NA,NA
100

Rx1,OnRxTimeout,NA,NA,NA,NA,NA
100

8s658:IRQ_CRC_ERROR
Rx2,OnRxDone,-102,-12,255,0,0
0AQ 219 212 219 81 62 54 124 183 143 246 251 43 63 118 246 221
0AQ 221 246 208 15 250 45 61 188 209 175 243 118 31 237 251 188
0AQ 195 135 120 240 155 60 240 29 217 193 223 218 241 197 155 62
0AQ 214 243 90 255 40 104 13 196 200 173 155 37 155 226 63 48
0AQ 245 119 169 178 6 184 66 123 214 140 228 39 60 184 88 25
0AQ 166 208 59 123 158 28 149 74 120 19 69 14 96 56 162 169
0AQ 161 213 119 31 165 241 183 143 114 164 63 68 75 137 190 66
0AQ 60 72 56 213 182 38 183 91 248 148 213 57 173 160 66 219
0AQ 137 149 11 202 4 235 230 224 90 209 6 78 185 109 25 140
0AQ 99 84 208 46 164 161 167 59 196 77 213 93 35 177 145 170
0AQ 53 191 224 28 251 88 229 116 76 95 95 245 36 87 187 55
0AQ 186 82 65 96 221 154 149 172 48 204 158 39 220 28 35 90
0AQ 14 212 129 97 126 28 201 5 51 229 140 117 154 219 71 133
0AQ 65 25 179 41 62 33 72 58 21 210 176 127 82 216 14 125
0AQ 104 196 117 173 235 232 94 171 87 21 232 46 100 186 161 220
0AQ 127 77 71 97 127 37 46 157 145 141 

75

Rx3,OnRxTimeout,NA,NA,NA,NA,NA
80

Rx4,OnRxTimeout,NA,NA,NA,NA,NA
83

Rx5,OnRxTimeout,NA,NA,NA,NA,NA
85

24s689:IRQ_CRC_ERROR
Rx6,OnRxDone,-104,-12,255,0,1
77

28s697:IRQ_CRC_ERROR
Rx7,OnRxDone,-104,-12,255,0,1
72

Rx8,OnRxTimeout,NA,NA,NA,NA,NA
75

Rx9,OnRxTimeout,NA,NA,NA,NA,NA
76

Rx10,OnRxTimeout,NA,NA,NA,NA,NA
78

Rx11,OnRxTimeout,NA,NA,NA,NA,NA
80

48s736:IRQ_CRC_ERROR
Rx12,OnRxDone,-102,-12,255,0,1
76

49s320:IRQ_CRC_ERROR
Rx13,OnRxDone,-103,-9,255,1,1
0AQ 151 141 62 226 155 117 14 29 188 239 216 226 206 209 223 221
0AQ 99 223 244 136 123 15 250 46 27 71 222 118 252 45 7 115
0AQ 195 193 197 114 249 253 122 225 163 190 79 239 232 241 59 6
0AQ 31 240 134 189 219 134 31 247 190 119 58 112 235 216 71 188
0AQ 237 189 30 242 13 248 64 247 222 226 240 240 1 191 181 226
0AQ 195 15 127 119 217 195 115 71 103 116 244 182 222 240 222 222
0AQ 99 223 84 220 40 23 111 185 231 129 111 187 229 232 222 135
0AQ 248 125 189 221 241 143 249 240 223 214 120 54 186 119 203 198
0AQ 193 143 248 61 61 230 199 251 22 131 111 117 219 35 63 226
0AQ 125 111 52 122 240 198 13 15 255 152 223 202 99 62 110 246
0AQ 6 135 222 244 128 227 223 216 131 247 178 247 123 196 94 241
0AQ 200 27 30 125 155 58 118 239 232 240 59 123 236 222 227 191
0AQ 203 123 125 140 157 239 238 145 31 248 14 198 223 173 243 110
0AQ 135 62 246 59 29 187 51 28 134 111 247 224 239 246 144 183
0AQ 220 113 252 251 60 232 3 150 223 238 17 119 222 231 33 239
0AQ 185 227 163 252 189 251 112 203 247 220 

73

